{"hamiltonian": [[22.404994464452866, -1.8320312760095446e-07, 0.23618722123214156, 5.87937664804291e-07, -0.17417577147764665, 9.835004559375207e-07, -0.11059541878855005, 1.6880363125807639e-06, 0.080412802077971, 0.04666993795064313, 0.0466715679584115, -0.08042203272564956], [-1.8320312760095446e-07, 22.405058821038132, 5.87937664804291e-07, 0.23618402718837408, 9.835004559375207e-07, -0.17416931176648592, 1.6880363125807639e-06, -0.11059063737358317, 0.04666993795064313, -0.08042230545626583, -0.08042203272564956, -0.046675684027656025], [0.23618722123214156, 5.87937664804291e-07, 18.93369548974883, -1.539384726412525e-06, 0.24279774796844247, -1.2106685223361275e-06, 0.29514596768035173, -1.1112885621333135e-06, -0.22559212784644703, -0.1309247942964171, -0.13091631231017886, 0.2256046048667944], [5.87937664804291e-07, 0.23618402718837408, -1.539384726412525e-06, 18.933772412751882, -1.2106685223361275e-06, 0.2427850937475893, -1.1112885621333135e-06, 0.2951323772114442, -0.1309247942964171, 0.22560124350955518, 0.2256046048667944, 0.13094731702605203], [-0.17417577147764665, 9.835004559375207e-07, 0.24279774796844247, -1.2106685223361275e-06, 17.147881407146926, 1.1324868933626245e-06, -0.2305003799483655, -2.6879444270416436e-07, 0.14574299696931148, 0.084579804403321, 0.08457912182598334, -0.14573935357418202], [9.835004559375207e-07, -0.17416931176648592, -1.2106685223361275e-06, 0.2427850937475893, 1.1324868933626245e-06, 17.147956476648005, -2.6879444270416436e-07, -0.23048560790319575, 0.084579804403321, -0.14573413287402934, -0.14573935357418202, -0.08458164600861284], [-0.11059541878855005, 1.6880363125807639e-06, 0.29514596768035173, -1.1112885621333135e-06, -0.2305003799483655, -2.6879444270416436e-07, 15.373694919948822, -1.5945422458985624e-06, 0.1636725839051364, 0.09498594175613773, 0.09498849653523986, -0.16367222558296163], [1.6880363125807639e-06, -0.11059063737358317, -1.1112885621333135e-06, 0.2951323772114442, -2.6879444270416436e-07, -0.23048560790319575, -1.5945422458985624e-06, 15.373773815537565, 0.09498594175613773, -0.163669051742936, -0.16367222558296163, -0.09498814697329237], [0.080412802077971, 0.04666993795064313, -0.22559212784644703, -0.1309247942964171, 0.14574299696931148, 0.084579804403321, 0.1636725839051364, 0.09498594175613773, 13.393764689814269, -0.03891251167774639, 0.03894169353323986, -0.2605593170487704], [0.04666993795064313, -0.08042230545626583, -0.1309247942964171, 0.22560124350955518, 0.084579804403321, -0.14573413287402934, 0.09498594175613773, -0.163669051742936, -0.03891251167774639, 13.914914219003899, -0.2605593170487704, -0.0389328953342189], [0.0466715679584115, -0.08042203272564956, -0.13091631231017886, 0.2256046048667944, 0.08457912182598334, -0.14573935357418202, 0.09498849653523986, -0.16367222558296163, 0.03894169353323986, -0.2605593170487704, 13.914782506154223, 0.0389197627745112], [-0.08042203272564956, -0.046675684027656025, 0.2256046048667944, 0.13094731702605203, -0.14573935357418202, -0.08458164600861284, -0.16367222558296163, -0.09498814697329237, -0.2605593170487704, -0.0389328953342189, 0.0389197627745112, 13.393747901621566]], "evs_au": [0.4824235443706321, 0.4981310146211363, 0.4981326675227023, 0.5211491666118507, 0.5649860381200884, 0.5649889593989902, 0.6308039469806753, 0.6308066294440787, 0.6979732082140699, 0.6979759346571697, 0.8242061312578003, 0.8242084735145465], "evs": [0.0, 0.4274220399304376, 0.4274670176733757, 1.0537778644136448, 2.2466399068305662, 2.246719398879094, 4.037636446724994, 4.037709440272755, 5.865405157990034, 5.865479348286298, 9.300377983865753, 9.30044171991876], "evcs": [[-1.3503835288414364e-06, -2.969353618920175e-07, 3.834973296829739e-06, 1.8862327902766011e-06, -1.8010368315529394e-06, 3.8458493702804757e-07, -4.520744304315027e-06, 6.269273567855787e-07, -0.7051484333022353, -0.052366308961060516, 0.05240413326824582, -0.7051788875662708], [0.0003533447410652305, 0.02042620002206223, -0.0014021904053248754, -0.080973610885674, 0.0014225056917087902, 0.08218290201320548, 0.002920444905647155, 0.16876353336322558, -0.3576438747292993, 0.5923652000992843, 0.5924906130708636, 0.35766946138547207], [0.020426085410008208, -0.00035340606051526, -0.08097384959452891, 0.0013993183748824206, 0.08218860985656026, -0.0014210285892227337, 0.1687778875957702, -0.0029190420846477603, -0.5924516576911274, -0.3576222014188916, -0.3576897570972899, 0.5924000984871131], [-1.11227984883635e-06, 2.0744709484566383e-06, 6.082948231873623e-06, -7.897619699709719e-06, -5.328769561524672e-06, 8.188185215131803e-06, -1.1629028478656082e-05, 2.1399110313651124e-05, -0.05238762816676793, 0.7052338244262634, -0.7050934900731954, -0.05238280980487416], [0.017055561000785233, 0.00017445305622604268, -0.07055460753257115, -0.0007219793447043105, 0.11318727917096277, 0.0011591148861075805, 0.9736980171074302, 0.00997647689750877, 0.11298389173586823, 0.06403407147455004, 0.06402874611458992, -0.11298291354342169], [-0.00017503883710165741, 0.017054708521066043, 0.0007237279807089606, -0.07055117502974716, -0.0011602055621063243, 0.11318142050293642, -0.009976442015825555, 0.973701919304111, 0.0640256771414025, -0.11297793012606548, -0.11296883286856864, -0.0640274932658899], [0.03270153580594274, -0.0008049200616769836, -0.10241653978172105, 0.0025211762381437777, 0.9823017383157707, -0.024174701499557416, -0.13507594909913237, 0.0033245069550765787, 0.041214632630366885, 0.025294515995311156, 0.02529287148167443, -0.04121388378637238], [0.0008046393382621274, 0.03270043595798215, -0.0025197264887811092, -0.10241171285188957, 0.02417484540987386, 0.9823036572323296, -0.0033237823710632504, -0.1350673048711603, 0.02529322471594358, -0.041212043414748704, -0.04121194091811277, -0.025294263038458845], [0.05762870878837137, 0.000871758048601623, -0.9867846415280872, -0.014923382916126143, -0.11868368366187249, -0.0017940567487650574, -0.07018110750331133, -0.0010609169137903972, 0.03750195829942374, 0.02101341564851389, 0.021011071699523473, -0.03750415174595298], [0.0008713094633874442, -0.05762850579270004, -0.014923343189068197, 0.9867854429705112, -0.0017956217643607941, 0.11867765373013645, -0.0010617820455484511, 0.07017822570616776, -0.021012984914153945, 0.03750363496744361, 0.03750314818457641, 0.02101677230586604], [-0.9974404150884376, -0.0035327820781508035, -0.06325038647162572, -0.0002241935854873247, 0.02898487133820034, 0.0001024934995147304, 0.011621578689046492, 4.0929325613490815e-05, -0.006831396632435229, -0.003932580024516265, -0.003932771174828327, 0.00683229499231921], [0.003532786787684887, -0.9974404745830519, 0.00022384600189018222, -0.06324984815969484, -0.00010282193671917739, 0.028983924662350946, -4.1392549115060184e-05, 0.011621145345004696, -0.003932546030613243, 0.0068324087165358705, 0.006832222614081729, 0.00393300078009845]], "rdm1s": [[[0.9999999999990439, 2.8693869948894965e-12, -1.1589468023556078e-12, -2.9592908725418096e-12, -4.838851193109922e-07, -6.931343488472511e-08], [2.8693869948894965e-12, 0.9999999999908673, 3.0907557183717993e-12, 8.077201375676434e-12, 1.4015002305417532e-06, 5.645815445055234e-07], [-1.1589468023556078e-12, 3.0907557183717993e-12, 0.999999999998304, -4.191566908067538e-12, -6.249295032274981e-07, 1.8279147610495116e-07], [-2.9592908725418096e-12, 8.077201375676434e-12, -4.191566908067538e-12, 0.9999999999895848, -1.5774829459430852e-06, 3.3950081151895244e-07], [-4.838851193109922e-07, 1.4015002305417532e-06, -6.249295032274981e-07, -1.5774829459430852e-06, 0.500001981454801, -1.5953513014802027e-06], [-6.931343488472511e-08, 5.645815445055234e-07, 1.8279147610495116e-07, 3.3950081151895244e-07, -1.5953513014802027e-06, 0.4999980185673979]], [[0.999791322750077, 0.0008272393145325531, -0.0008395935149102883, -0.0017241148063780996, -0.005986699240513553, -0.0037575907011510095], [0.0008272393145325531, 0.996720654101102, 0.0033283204764526044, 0.006834743851035634, 0.02373223220269261, 0.014896286222404416], [-0.0008395935149102883, 0.0033283204764526044, 0.9966219735471231, -0.006936815637646454, -0.024086770374192563, -0.015118567783767783], [-0.0017241148063780996, 0.006834743851035634, -0.006936815637646454, 0.9857551704041569, -0.049462582489090134, -0.0310459491360603], [-0.005986699240513553, 0.02373223220269261, -0.024086770374192563, -0.049462582489090134, 0.500080619899876, 0.0004101188644316103], [-0.0037575907011510095, 0.014896286222404416, -0.015118567783767783, -0.0310459491360603, 0.0004101188644316103, 0.5210302592976681]], [[0.9997913250694882, 0.00082723664769464, -0.0008396468823877695, -0.0017242515772577902, 0.005987541153971835, 0.0037577796569047577], [0.00082723664769464, 0.9967206387949625, 0.00332855830216233, 0.006835339977144153, -0.02373633205209966, -0.014896236467897353], [-0.0008396468823877695, 0.00332855830216233, 0.9966215065437958, -0.006937883999139284, 0.024092293390245722, 0.015119920685982759], [-0.0017242515772577902, 0.006835339977144153, -0.006937883999139284, 0.9857527519260072, 0.04947441251568735, 0.03104968121797905], [0.005987541153971835, -0.02373633205209966, 0.024092293390245722, 0.04947441251568735, 0.5211316277997006, -0.00040501624167687926], [0.0037577796569047577, -0.014896236467897353, 0.015119920685982759, 0.03104968121797905, -0.00040501624167687926, 0.4999821498660379]], [[0.9999999999972295, 1.1574661684417195e-11, -1.1456617675874748e-11, -2.866328335342064e-11, -7.606283918897402e-07, -3.3779733170768367e-07], [1.1574661684417195e-11, 0.9999999999503124, 4.854090112111764e-11, 1.198704066960008e-10, 2.944169887409788e-06, 1.9376738440526123e-06], [-1.1456617675874748e-11, 4.854090112111764e-11, 0.9999999999522787, -1.1859414583718935e-10, -3.026873386376766e-06, -1.6641802895799553e-06], [-2.866328335342064e-11, 1.198704066960008e-10, -1.1859414583718935e-10, 0.9999999997034217, -7.850296812848135e-06, -3.539303375311346e-06], [-7.606283918897402e-07, 2.944169887409788e-06, -3.026873386376766e-06, -7.850296812848135e-06, 0.4999010414152875, -3.3979051109743354e-06], [-3.3779733170768367e-07, 1.9376738440526123e-06, -1.6641802895799553e-06, -3.539303375311346e-06, -3.3979051109743354e-06, 0.5000989589814692]], [[0.9998545387025393, 0.0006017371820807221, -0.000965337377773831, -0.00830435317700227, -0.0009690872985392737, -0.0005361679852961031], [0.0006017371820807221, 0.9975107630508748, 0.003993360458296376, 0.0343530421312552, 0.004008882707944319, 0.002217975861517334], [-0.000965337377773831, 0.003993360458296376, 0.9935936481432771, -0.0551108965867172, -0.006431281070596889, -0.0035581396922374003], [-0.00830435317700227, 0.0343530421312552, -0.0551108965867172, 0.5259063206948854, -0.055325512891507375, -0.03060874585143605], [-0.0009690872985392737, 0.004008882707944319, -0.006431281070596889, -0.055325512891507375, 0.983083675754796, 0.004950195275829537], [-0.0005361679852961031, 0.002217975861517334, -0.0035581396922374003, -0.03060874585143605, 0.004950195275829537, 0.5000510536536247]], [[0.9998545531393332, 0.0006016782032275859, -0.0009652396088550894, -0.008303974342471522, 0.0009690063238424451, 0.0005360981509251126], [0.0006016782032275859, 0.9975110039598658, 0.0039929609406233755, 0.03435151738292993, -0.0040085314484268305, -0.0022177280894113693], [-0.0009652396088550894, 0.0039929609406233755, 0.9935943099879954, -0.05510827054839582, 0.0064306427819433324, 0.0035578277854184204], [-0.008303974342471522, 0.03435151738292993, -0.05510827054839582, 0.5259025214740976, 0.055322787929140436, 0.030608333035259637], [0.0009690063238424451, -0.0040085314484268305, 0.0064306427819433324, 0.055322787929140436, 0.5000496871985711, -0.0049503022403410805], [0.0005360981509251126, -0.0022177280894113693, 0.0035578277854184204, 0.030608333035259637, -0.0049503022403410805, 0.9830879242401359]], [[0.9994649808298128, 0.0016756037440629075, -0.01607111708499751, 0.0022099334741651506, -0.0006637108606578416, -0.00043014481213617963], [0.0016756037440629075, 0.9947522480247571, 0.050332446871427884, -0.006921196491201851, 0.0020786440648471313, 0.001347157921390344], [-0.01607111708499751, 0.050332446871427884, 0.5172494393546105, 0.06638285428400123, -0.019936858951546427, -0.012920782480809589], [0.0022099334741651506, -0.006921196491201851, 0.06638285428400123, 0.9908717178142366, 0.002741506912483585, 0.0017767372320615323], [-0.0006637108606578416, 0.0020786440648471313, -0.019936858951546427, 0.002741506912483585, 0.9973603359982477, -0.012240154476206444], [-0.00043014481213617963, 0.001347157921390344, -0.012920782480809589, 0.0017767372320615323, -0.012240154476206444, 0.5003012779783322]], [[0.9994650170218473, 0.0016754675642575035, -0.016070604933115316, 0.002209717099502104, 0.000663649931391809, 0.00043014708873116334], [0.0016754675642575035, 0.9947527460245826, 0.05033015703808987, -0.0069204245323136035, -0.0020784319739636974, -0.001347135811140131], [-0.016070604933115316, 0.05033015703808987, 0.5172475509186999, 0.06637872973622568, 0.019935640585450033, 0.012921469695205445], [0.002209717099502104, -0.0069204245323136035, 0.06637872973622568, 0.9908728878127961, -0.0027411652289225817, -0.001776703730003883], [0.000663649931391809, -0.0020784319739636974, 0.019935640585450033, -0.0027411652289225817, 0.500301229348852, 0.012240164881860114], [0.00043014708873116334, -0.001347135811140131, 0.012921469695205445, -0.001776703730003883, 0.012240164881860114, 0.9973605688732254]], [[0.9983390859806454, 0.028440067161314534, 0.0034205757135458113, 0.0020226857348061037, -0.0010897540240256702, -0.0005890731930814591], [0.028440067161314534, 0.5130166819433121, -0.05857100481667441, -0.03463473573952296, 0.01865997386259831, 0.010086857018842925], [0.0034205757135458113, -0.05857100481667441, 0.9929554822964158, -0.004165627853555966, 0.002244284907834181, 0.0012131934052183148], [0.0020226857348061037, -0.03463473573952296, -0.004165627853555966, 0.9975367433024558, 0.0013271112275372858, 0.000717395746389698], [-0.0010897540240256702, 0.01865997386259831, 0.002244284907834181, 0.0013271112275372858, 0.9980380514735095, 0.007531980375054649], [-0.0005890731930814591, 0.010086857018842925, 0.0012131934052183148, 0.000717395746389698, 0.007531980375054649, 0.5001139550036637]], [[0.9983390980699604, 0.028439986733262097, 0.003420390198843585, 0.0020225957136868204, 0.001089793628789176, 0.0005892441683262078], [0.028439986733262097, 0.5130158916847771, -0.05856808889331047, -0.03463334843910149, -0.018660812514826916, -0.010089686309312739], [0.003420390198843585, -0.05856808889331047, 0.9929561951237951, -0.004165246864350967, -0.002244287388666875, -0.0012134398785642088], [0.0020225957136868204, -0.03463334843910149, -0.004165246864350967, 0.9975369446278114, -0.001327124884826106, -0.0007175498105511383], [0.001089793628789176, -0.018660812514826916, -0.002244287388666875, -0.001327124884826106, 0.500113890239368, -0.007531992349636884], [0.0005892441683262078, -0.010089686309312739, -0.0012134398785642088, -0.0007175498105511383, -0.007531992349636884, 0.9980379802542902]], [[0.5025500688994964, -0.03154464188192165, 0.01445552209302886, 0.005795988432986736, -0.0034139020204607276, -0.0019492839518835518], [-0.03154464188192165, 0.9979996691742126, 0.0009166636461783322, 0.0003675392597924304, -0.00021648506817920142, -0.00012360877000046303], [0.01445552209302886, 0.0009166636461783322, 0.9995799333642947, -0.00016842707901929923, 9.920510817009229e-05, 5.664530034075115e-05], [0.005795988432986736, 0.0003675392597924304, -0.00016842707901929923, 0.9999324686167819, 3.977628568412889e-05, 2.2712684223926583e-05], [-0.0034139020204607276, -0.00021648506817920142, 9.920510817009229e-05, 3.977628568412889e-05, 0.9999315892008931, 0.0017706818829150443], [-0.0019492839518835518, -0.00012360877000046303, 5.664530034075115e-05, 2.2712684223926583e-05, 0.0017706818829150443, 0.5000062707443189]], [[0.5025500095405261, -0.03154437468295497, 0.014455051409237137, 0.005795773479585365, 0.0034144069197129157, 0.0019493986894276807], [-0.03154437468295497, 0.9979997033003731, 0.0009166259251225865, 0.0003675224720349595, 0.00021651454929603559, 0.0001236161682185012], [0.014455051409237137, 0.0009166259251225865, 0.9995799607694098, -0.00016841532861595614, -9.921718575078527e-05, -5.664564797303226e-05], [0.005795773479585365, 0.0003675224720349595, -0.00016841532861595614, 0.9999324736337651, -3.978159642802987e-05, -2.271158529871127e-05], [0.0034144069197129157, 0.00021651454929603559, -9.921718575078527e-05, -3.978159642802987e-05, 0.5000062702160969, -0.0017706827158171972], [0.0019493986894276807, 0.0001236161682185012, -5.664564797303226e-05, -2.271158529871127e-05, -0.0017706827158171972, 0.9999315825398369]]], "mults": [2.992673154243564, 1.081150792534998, 1.0811615198291753, 1.0217178582491013, 2.205692144264741, 2.205697370792926, 2.2318810254614565, 2.2318813556685604, 2.232759738941162, 2.232759495334563, 2.235956815228089, 2.2359568023663328], "excitations": [[0.0, 0.0, 0.0, 0.0, 0.0, 0.0], [-0.0002086772489668931, -0.003279345889765306, -0.0033780264511809044, -0.014244829585427832, 7.863844507494111e-05, 0.021032240730270213], [-0.00020867492955567446, -0.003279361195904773, -0.003378493454508247, -0.014247248063577578, 0.021129646344899555, -1.586870136000007e-05], [-1.8143264668424308e-12, -4.055489277732249e-11, -4.602529468655803e-11, -2.8616309322160305e-10, -0.00010094003951349739, 0.00010094041407127108], [-0.00014546129650461204, -0.0024892369399924785, -0.006406351855026915, -0.47409367929469937, 0.48308169429999503, 5.3035086226782546e-05], [-0.00014544685971062954, -0.0024889960310015002, -0.006405690010308662, -0.4740974785154872, 4.7705743770110054e-05, 0.483089905672738], [-0.0005350191692310435, -0.005247751966110159, -0.4827505606436935, -0.009128282175348224, 0.4973583545434467, 0.0003032594109343423], [-0.0005349829771965631, -0.005247253966284671, -0.48275244907960413, -0.009127112176788632, 0.0002992478940510024, 0.49736255030582754], [-0.0016609140183985183, -0.48698331804755524, -0.007044517701888187, -0.0024632566871289896, 0.49803607001870853, 0.00011593643626583994], [-0.0016609019290835247, -0.4869841083060902, -0.007043804874508952, -0.002463055361773381, 0.00011190878456701636, 0.49803996168689235], [-0.4974499310995475, -0.0020003308166547384, -0.00042006663400928623, -6.753137280290922e-05, 0.4999296077460921, 8.25217692101976e-06], [-0.4974499904585178, -0.0020002966904941744, -0.0004200392288942201, -6.752635581963595e-05, 4.288761295878629e-06, 0.49993356397243904]]}