{"basis": [87, 122, 123, 126, 127, 128], "qp_energies": [[6.346296228119633, 6.4627322347904], [9.455317384553837, 10.511327613860244], [11.50806911765405, 11.868010321035307], [13.223596723874419, 13.774944649780146], [14.376556984360255, 16.55489070873983], [14.376621309290702, 16.554955957576507]], "occ": [[1.0, 1.0, 1.0, 1.0, 1.0, 1.0], [1.0, 1.0, 1.0, 1.0, 0.0, 0.0]], "v": [[[[[[-11.988353109596634, -0.03166554396602595, 0.016444796443148366, 0.016070870960953304, 7.449934200800982e-08, 1.5202037230045366e-06], [-0.03166554396602595, -12.035775233710133, -0.017501484791354847, -0.024112853991448177, -1.1424921026064385e-06, -3.5329522411492014e-07], [0.016444796443148366, -0.017501484791354847, -12.064573068109409, 0.03728938603388556, -4.5754491384681726e-07, 1.1106936292542908e-06], [0.016070870960953304, -0.024112853991448177, 0.03728938603388556, -12.070650841606552, 1.440703751473097e-07, 1.9662175655580715e-06], [7.449934200800982e-08, -1.1424921026064385e-06, -4.5754491384681726e-07, 1.440703751473097e-07, -12.018871521642517, 4.900656781826718e-06], [1.5202037230045366e-06, -3.5329522411492014e-07, 1.1106936292542908e-06, 1.9662175655580715e-06, 4.900656781826718e-06, -12.018867640025142]], [[-0.03166554396602595, 0.16406324938027572, -0.028280734272644548, -0.011822397101646944, 1.144434770690544e-07, -2.4720152802047077e-06], [0.16406324938027572, -0.3131826901139614, -0.01412587693410557, -0.08044778320230786, -3.0522646502760687e-06, -2.133499986661492e-06], [-0.028280734272644548, -0.01412587693410557, -0.1116304676104633, -0.1883321424337793, 1.4252927928351614e-06, -8.992459337187375e-07], [-0.011822397101646944, -0.08044778320230786, -0.1883321424337793, -0.23714411807253793, 3.9019022991919614e-07, -4.136421530135794e-06], [1.144434770690544e-07, -3.0522646502760687e-06, 1.4252927928351614e-06, 3.9019022991919614e-07, -0.23972481565023906, -8.653284730690456e-06], [-2.4720152802047077e-06, -2.133499986661492e-06, -8.992459337187375e-07, -4.136421530135794e-06, -8.653284730690456e-06, -0.23972784778192738]], [[0.016444796443148366, -0.028280734272644548, 0.11683295542497456, 0.01935189286294692, 6.126119591546053e-07, -2.201797826004184e-06], [-0.028280734272644548, 0.017274127393291483, -0.0966146054460737, -0.17116592227008903, 1.5084916646177548e-06, 1.0084823845449486e-06], [0.11683295542497456, -0.0966146054460737, 0.017772464711588373, -0.003210878148196988, -4.017695937740626e-06, -4.136766364341016e-06], [0.01935189286294692, -0.17116592227008903, -0.003210878148196988, -0.037652917056274125, -4.353741332328498e-06, -5.413091729194273e-06], [6.126119591546053e-07, 1.5084916646177548e-06, -4.017695937740626e-06, -4.353741332328498e-06, 0.17885107987827295, -6.743816003213784e-06], [-2.201797826004184e-06, 1.0084823845449486e-06, -4.136766364341016e-06, -5.413091729194273e-06, -6.743816003213784e-06, 0.1788418309025092]], [[0.016070870960953304, -0.011822397101646944, 0.01935189286294692, 0.09414539373879534, 1.110151450628808e-06, -5.999669417023905e-06], [-0.011822397101646944, -0.036620847538760784, -0.10973982744830578, -0.13019209151642225, -1.3423638179662222e-07, -9.99209716350235e-07], [0.01935189286294692, -0.10973982744830578, -0.005888307847286192, -0.039962621527126034, -2.6614146128809063e-06, -6.54191905027443e-06], [0.09414539373879534, -0.13019209151642225, -0.039962621527126034, -0.07101246657466886, -2.189813735833012e-06, -1.0758585121043544e-05], [1.110151450628808e-06, -1.3423638179662222e-07, -2.6614146128809063e-06, -2.189813735833012e-06, 0.11410872048269327, -1.9533319039835838e-05], [-5.999669417023905e-06, -9.99209716350235e-07, -6.54191905027443e-06, -1.0758585121043544e-05, -1.9533319039835838e-05, 0.1140961467221671]], [[7.449934200800982e-08, 1.144434770690544e-07, 6.126119591546053e-07, 1.110151450628808e-06, 0.11227043978735002, -1.936099318976166e-08], [1.144434770690544e-07, -2.8318872438295493e-06, -1.604032749291665e-07, -1.2703285503233563e-06, -0.13109901389728634, -1.4803385099343158e-08], [6.126119591546053e-07, -1.604032749291665e-07, -1.814597322745128e-06, -3.850930531704095e-06, 0.09786691900958898, -1.0521669760810915e-07], [1.110151450628808e-06, -1.2703285503233563e-06, -3.850930531704095e-06, -4.306221396360482e-06, 0.10251412608967864, -4.558337695058773e-07], [0.11227043978735002, -0.13109901389728634, 0.09786691900958898, 0.10251412608967864, -0.1312246733995096, -0.052042073095968394], [-1.936099318976166e-08, -1.4803385099343158e-08, -1.0521669760810915e-07, -4.558337695058773e-07, -0.052042073095968394, 0.13124028033389862]], [[1.5202037230045366e-06, -2.4720152802047077e-06, -2.201797826004184e-06, -5.999669417023905e-06, -1.936099318976166e-08, 0.11227095271796891], [-2.4720152802047077e-06, 2.708561104877456e-06, 3.741123658121195e-06, 3.618666420370128e-06, 2.3516761744054196e-07, -0.13109928488071676], [-2.201797826004184e-06, 3.741123658121195e-06, -4.372890481122839e-06, -1.4858469972817375e-06, -4.458487672328095e-07, 0.09786300942763561], [-5.999669417023905e-06, 3.618666420370128e-06, -1.4858469972817375e-06, 6.325747848691083e-07, 5.96458875165046e-08, 0.10251130248561999], [-1.936099318976166e-08, 2.3516761744054196e-07, -4.458487672328095e-07, 5.96458875165046e-08, -0.052047782426765166, 0.1312393936336734], [0.11227095271796891, -0.13109928488071676, 0.09786300942763561, 0.10251130248561999, 0.1312393936336734, 0.05204295127576755]]], [[[-0.03166554396602595, 0.16406324938027572, -0.028280734272644548, -0.011822397101646944, 1.144434770690544e-07, -2.4720152802047077e-06], [0.16406324938027572, -0.3131826901139614, -0.01412587693410557, -0.08044778320230786, -3.0522646502760687e-06, -2.133499986661492e-06], [-0.028280734272644548, -0.01412587693410557, -0.1116304676104633, -0.1883321424337793, 1.4252927928351614e-06, -8.992459337187375e-07], [-0.011822397101646944, -0.08044778320230786, -0.1883321424337793, -0.23714411807253793, 3.9019022991919614e-07, -4.136421530135794e-06], [1.144434770690544e-07, -3.0522646502760687e-06, 1.4252927928351614e-06, 3.9019022991919614e-07, -0.23972481565023906, -8.653284730690456e-06], [-2.4720152802047077e-06, -2.133499986661492e-06, -8.992459337187375e-07, -4.136421530135794e-06, -8.653284730690456e-06, -0.23972784778192738]], [[-12.035775233710133, -0.3131826901139614, 0.017274127393291483, -0.036620847538760784, -2.8318872438295493e-06, 2.708561104877456e-06], [-0.3131826901139614, -11.272660370519715, 0.14199546432382915, 0.37078822112112786, 1.2774423984393137e-05, 6.590645672043008e-06], [0.017274127393291483, 0.14199546432382915, -11.868640988783289, 0.4899524412984111, -3.0052634926362505e-06, 9.442067057590261e-07], [-0.036620847538760784, 0.37078822112112786, 0.4899524412984111, -11.428845866948974, -5.608810949071505e-08, 6.074249821973195e-06], [-2.8318872438295493e-06, 1.2774423984393137e-05, -3.0052634926362505e-06, -5.608810949071505e-08, -11.649197435224718, 1.2476047586897595e-05], [2.708561104877456e-06, 6.590645672043008e-06, 9.442067057590261e-07, 6.074249821973195e-06, 1.2476047586897595e-05, -11.6492019150503]], [[-0.017501484791354847, -0.01412587693410557, -0.0966146054460737, -0.10973982744830578, -1.604032749291665e-07, 3.741123658121195e-06], [-0.01412587693410557, 0.14199546432382915, 0.2622970484043022, 0.39825250206096213, -1.572195759490842e-06, -7.324744858108629e-07], [-0.0966146054460737, 0.2622970484043022, 0.029129663680944027, 0.12635641066244158, 8.838524603683554e-06, 7.324743946929549e-06], [-0.10973982744830578, 0.39825250206096213, 0.12635641066244158, 0.22283915225956785, 1.0285258091594378e-05, 1.0807678306610177e-05], [-1.604032749291665e-07, -1.572195759490842e-06, 8.838524603683554e-06, 1.0285258091594378e-05, -0.25113663714221046, 1.1534365233587111e-05], [3.741123658121195e-06, -7.324744858108629e-07, 7.324743946929549e-06, 1.0807678306610177e-05, 1.1534365233587111e-05, -0.2511172620161375]], [[-0.024112853991448177, -0.08044778320230786, -0.17116592227008903, -0.13019209151642225, -1.2703285503233563e-06, 3.618666420370128e-06], [-0.08044778320230786, 0.37078822112112786, 0.39825250206096213, 0.7165446457753474, 9.791249433924897e-07, 1.8513454952163694e-06], [-0.17116592227008903, 0.39825250206096213, 0.08062868447944005, 0.2807838998764385, 1.2186057638213734e-05, 8.779336570622794e-06], [-0.13019209151642225, 0.7165446457753474, 0.2807838998764385, 0.4709226260431852, 1.5560993484398993e-05, 1.3038574914820062e-05], [-1.2703285503233563e-06, 9.791249433924897e-07, 1.2186057638213734e-05, 1.5560993484398993e-05, -0.3064315814336362, 1.3246512407920417e-05], [3.618666420370128e-06, 1.8513454952163694e-06, 8.779336570622794e-06, 1.3038574914820062e-05, 1.3246512407920417e-05, -0.3064093256950441]], [[-1.1424921026064385e-06, -3.0522646502760687e-06, 1.5084916646177548e-06, -1.3423638179662222e-07, -0.13109901389728634, 2.3516761744054196e-07], [-3.0522646502760687e-06, 1.2774423984393137e-05, -1.572195759490842e-06, 9.791249433924897e-07, 0.40690693580086124, -3.560351712839232e-07], [1.5084916646177548e-06, -1.572195759490842e-06, 7.594797357442475e-06, 1.3370146309273312e-05, -0.25059786529504263, 1.0363660857505852e-06], [-1.3423638179662222e-07, 9.791249433924897e-07, 1.3370146309273312e-05, 1.623838119843384e-05, -0.2850822503681237, 2.84494039695722e-07], [-0.13109901389728634, 0.40690693580086124, -0.25059786529504263, -0.2850822503681237, 0.3466501646545228, 0.1374742299359351], [2.3516761744054196e-07, -3.560351712839232e-07, 1.0363660857505852e-06, 2.84494039695722e-07, 0.1374742299359351, -0.3466706859323262]], [[-3.5329522411492014e-07, -2.133499986661492e-06, 1.0084823845449486e-06, -9.99209716350235e-07, -1.4803385099343158e-08, -0.13109928488071676], [-2.133499986661492e-06, 6.590645672043008e-06, -7.324744858108629e-07, 1.8513454952163694e-06, -3.560351712839232e-07, 0.4068974517153952], [1.0084823845449486e-06, -7.324744858108629e-07, 4.474649790656156e-06, 6.807416847201397e-06, 8.649655055310855e-07, -0.2505833706531287], [-9.99209716350235e-07, 1.8513454952163694e-06, 6.807416847201397e-06, 7.310338392123703e-06, 3.7938470417439095e-08, -0.28506832234708507], [-1.4803385099343158e-08, -3.560351712839232e-07, 8.649655055310855e-07, 3.7938470417439095e-08, 0.13747443405952098, -0.34667344344771994], [-0.13109928488071676, 0.4068974517153952, -0.2505833706531287, -0.28506832234708507, -0.34667344344771994, -0.13748543542926303]]], [[[0.016444796443148366, -0.028280734272644548, 0.11683295542497456, 0.01935189286294692, 6.126119591546053e-07, -2.201797826004184e-06], [-0.028280734272644548, 0.017274127393291483, -0.0966146054460737, -0.17116592227008903, 1.5084916646177548e-06, 1.0084823845449486e-06], [0.11683295542497456, -0.0966146054460737, 0.017772464711588373, -0.003210878148196988, -4.017695937740626e-06, -4.136766364341016e-06], [0.01935189286294692, -0.17116592227008903, -0.003210878148196988, -0.037652917056274125, -4.353741332328498e-06, -5.413091729194273e-06], [6.126119591546053e-07, 1.5084916646177548e-06, -4.017695937740626e-06, -4.353741332328498e-06, 0.17885107987827295, -6.743816003213784e-06], [-2.201797826004184e-06, 1.0084823845449486e-06, -4.136766364341016e-06, -5.413091729194273e-06, -6.743816003213784e-06, 0.1788418309025092]], [[-0.017501484791354847, -0.01412587693410557, -0.0966146054460737, -0.10973982744830578, -1.604032749291665e-07, 3.741123658121195e-06], [-0.01412587693410557, 0.14199546432382915, 0.2622970484043022, 0.39825250206096213, -1.572195759490842e-06, -7.324744858108629e-07], [-0.0966146054460737, 0.2622970484043022, 0.029129663680944027, 0.12635641066244158, 8.838524603683554e-06, 7.324743946929549e-06], [-0.10973982744830578, 0.39825250206096213, 0.12635641066244158, 0.22283915225956785, 1.0285258091594378e-05, 1.0807678306610177e-05], [-1.604032749291665e-07, -1.572195759490842e-06, 8.838524603683554e-06, 1.0285258091594378e-05, -0.25113663714221046, 1.1534365233587111e-05], [3.741123658121195e-06, -7.324744858108629e-07, 7.324743946929549e-06, 1.0807678306610177e-05, 1.1534365233587111e-05, -0.2511172620161375]], [[-12.064573068109409, -0.1116304676104633, 0.017772464711588373, -0.005888307847286192, -1.814597322745128e-06, -4.372890481122839e-06], [-0.1116304676104633, -11.868640988783289, 0.029129663680944027, 0.08062868447944005, 7.594797357442475e-06, 4.474649790656156e-06], [0.017772464711588373, 0.029129663680944027, -11.980778670386627, 0.15574913462526277, -3.3658192881040784e-06, -5.335532965222313e-06], [-0.005888307847286192, 0.08062868447944005, 0.15574913462526277, -11.922289948368373, -2.2427535947475607e-06, -5.520317493331766e-06], [-1.814597322745128e-06, 7.594797357442475e-06, -3.3658192881040784e-06, -2.2427535947475607e-06, -11.922114514906056, -9.880559961729885e-06], [-4.372890481122839e-06, 4.474649790656156e-06, -5.335532965222313e-06, -5.520317493331766e-06, -9.880559961729885e-06, -11.922129788496147]], [[0.03728938603388556, -0.1883321424337793, -0.003210878148196988, -0.039962621527126034, -3.850930531704095e-06, -1.4858469972817375e-06], [-0.1883321424337793, 0.4899524412984111, 0.12635641066244158, 0.2807838998764385, 1.3370146309273312e-05, 6.807416847201397e-06], [-0.003210878148196988, 0.12635641066244158, 0.15574913462526277, 0.3134492103586323, -3.822067522294686e-06, -2.276141618174892e-06], [-0.039962621527126034, 0.2807838998764385, 0.3134492103586323, 0.44330035407907503, -1.8614888078098753e-06, -8.143509581005136e-07], [-3.850930531704095e-06, 1.3370146309273312e-05, -3.822067522294686e-06, -1.8614888078098753e-06, 0.23599104419444467, 7.447805804929687e-07], [-1.4858469972817375e-06, 6.807416847201397e-06, -2.276141618174892e-06, -8.143509581005136e-07, 7.447805804929687e-07, 0.23597535240181766]], [[-4.5754491384681726e-07, 1.4252927928351614e-06, -4.017695937740626e-06, -2.6614146128809063e-06, 0.09786691900958898, -4.458487672328095e-07], [1.4252927928351614e-06, -3.0052634926362505e-06, 8.838524603683554e-06, 1.2186057638213734e-05, -0.25059786529504263, 8.649655055310855e-07], [-4.017695937740626e-06, 8.838524603683554e-06, -3.3658192881040784e-06, -3.822067522294686e-06, 0.17502322012861027, -9.958646727860464e-07], [-2.6614146128809063e-06, 1.2186057638213734e-05, -3.822067522294686e-06, -2.6848791120324904e-06, 0.1790044195205474, -1.0886059685283975e-06], [0.09786691900958898, -0.25059786529504263, 0.17502322012861027, 0.1790044195205474, -0.22537577033206876, -0.08937719377884269], [-4.458487672328095e-07, 8.649655055310855e-07, -9.958646727860464e-07, -1.0886059685283975e-06, -0.08937719377884269, 0.22537418403203482]], [[1.1106936292542908e-06, -8.992459337187375e-07, -4.136766364341016e-06, -6.54191905027443e-06, -1.0521669760810915e-07, 0.09786300942763561], [-8.992459337187375e-07, 9.442067057590261e-07, 7.324743946929549e-06, 8.779336570622794e-06, 1.0363660857505852e-06, -0.2505833706531287], [-4.136766364341016e-06, 7.324743946929549e-06, -5.335532965222313e-06, -2.276141618174892e-06, -9.958646727860464e-07, 0.17500848498820792], [-6.54191905027443e-06, 8.779336570622794e-06, -2.276141618174892e-06, 7.798001956896325e-07, -2.8018469331751426e-07, 0.17898858470895576], [-1.0521669760810915e-07, 1.0363660857505852e-06, -9.958646727860464e-07, -2.8018469331751426e-07, -0.08938187051017799, 0.2253751110097524], [0.09786300942763561, -0.2505833706531287, 0.17500848498820792, 0.17898858470895576, 0.2253751110097524, 0.08937088111946705]]], [[[0.016070870960953304, -0.011822397101646944, 0.01935189286294692, 0.09414539373879534, 1.110151450628808e-06, -5.999669417023905e-06], [-0.011822397101646944, -0.036620847538760784, -0.10973982744830578, -0.13019209151642225, -1.3423638179662222e-07, -9.99209716350235e-07], [0.01935189286294692, -0.10973982744830578, -0.005888307847286192, -0.039962621527126034, -2.6614146128809063e-06, -6.54191905027443e-06], [0.09414539373879534, -0.13019209151642225, -0.039962621527126034, -0.07101246657466886, -2.189813735833012e-06, -1.0758585121043544e-05], [1.110151450628808e-06, -1.3423638179662222e-07, -2.6614146128809063e-06, -2.189813735833012e-06, 0.11410872048269327, -1.9533319039835838e-05], [-5.999669417023905e-06, -9.99209716350235e-07, -6.54191905027443e-06, -1.0758585121043544e-05, -1.9533319039835838e-05, 0.1140961467221671]], [[-0.024112853991448177, -0.08044778320230786, -0.17116592227008903, -0.13019209151642225, -1.2703285503233563e-06, 3.618666420370128e-06], [-0.08044778320230786, 0.37078822112112786, 0.39825250206096213, 0.7165446457753474, 9.791249433924897e-07, 1.8513454952163694e-06], [-0.17116592227008903, 0.39825250206096213, 0.08062868447944005, 0.2807838998764385, 1.2186057638213734e-05, 8.779336570622794e-06], [-0.13019209151642225, 0.7165446457753474, 0.2807838998764385, 0.4709226260431852, 1.5560993484398993e-05, 1.3038574914820062e-05], [-1.2703285503233563e-06, 9.791249433924897e-07, 1.2186057638213734e-05, 1.5560993484398993e-05, -0.3064315814336362, 1.3246512407920417e-05], [3.618666420370128e-06, 1.8513454952163694e-06, 8.779336570622794e-06, 1.3038574914820062e-05, 1.3246512407920417e-05, -0.3064093256950441]], [[0.03728938603388556, -0.1883321424337793, -0.003210878148196988, -0.039962621527126034, -3.850930531704095e-06, -1.4858469972817375e-06], [-0.1883321424337793, 0.4899524412984111, 0.12635641066244158, 0.2807838998764385, 1.3370146309273312e-05, 6.807416847201397e-06], [-0.003210878148196988, 0.12635641066244158, 0.15574913462526277, 0.3134492103586323, -3.822067522294686e-06, -2.276141618174892e-06], [-0.039962621527126034, 0.2807838998764385, 0.3134492103586323, 0.44330035407907503, -1.8614888078098753e-06, -8.143509581005136e-07], [-3.850930531704095e-06, 1.3370146309273312e-05, -3.822067522294686e-06, -1.8614888078098753e-06, 0.23599104419444467, 7.447805804929687e-07], [-1.4858469972817375e-06, 6.807416847201397e-06, -2.276141618174892e-06, -8.143509581005136e-07, 7.447805804929687e-07, 0.23597535240181766]], [[-12.070650841606552, -0.23714411807253793, -0.037652917056274125, -0.07101246657466886, -4.306221396360482e-06, 6.325747848691083e-07], [-0.23714411807253793, -11.428845866948974, 0.22283915225956785, 0.4709226260431852, 1.623838119843384e-05, 7.310338392123703e-06], [-0.037652917056274125, 0.22283915225956785, -11.922289948368373, 0.44330035407907503, -2.6848791120324904e-06, 7.798001956896325e-07], [-0.07101246657466886, 0.4709226260431852, 0.44330035407907503, -11.459672946535887, 6.445856431920364e-07, 3.5164321265015076e-06], [-4.306221396360482e-06, 1.623838119843384e-05, -2.6848791120324904e-06, 6.445856431920364e-07, -11.861185605510938, 7.852810341782649e-06], [6.325747848691083e-07, 7.310338392123703e-06, 7.798001956896325e-07, 3.5164321265015076e-06, 7.852810341782649e-06, -11.861197563810107]], [[1.440703751473097e-07, 3.9019022991919614e-07, -4.353741332328498e-06, -2.189813735833012e-06, 0.10251412608967864, 5.96458875165046e-08], [3.9019022991919614e-07, -5.608810949071505e-08, 1.0285258091594378e-05, 1.5560993484398993e-05, -0.2850822503681237, 3.7938470417439095e-08], [-4.353741332328498e-06, 1.0285258091594378e-05, -2.2427535947475607e-06, -1.8614888078098753e-06, 0.1790044195205474, -2.8018469331751426e-07], [-2.189813735833012e-06, 1.5560993484398993e-05, -1.8614888078098753e-06, 6.445856431920364e-07, 0.21617854966323735, -3.9629025490200065e-07], [0.10251412608967864, -0.2850822503681237, 0.1790044195205474, 0.21617854966323735, -0.25462562750636963, -0.1009763043930518], [5.96458875165046e-08, 3.7938470417439095e-08, -2.8018469331751426e-07, -3.9629025490200065e-07, -0.1009763043930518, 0.2546303349751768]], [[1.9662175655580715e-06, -4.136421530135794e-06, -5.413091729194273e-06, -1.0758585121043544e-05, -4.558337695058773e-07, 0.10251130248561999], [-4.136421530135794e-06, 6.074249821973195e-06, 1.0807678306610177e-05, 1.3038574914820062e-05, 2.84494039695722e-07, -0.28506832234708507], [-5.413091729194273e-06, 1.0807678306610177e-05, -5.520317493331766e-06, -8.143509581005136e-07, -1.0886059685283975e-06, 0.17898858470895576], [-1.0758585121043544e-05, 1.3038574914820062e-05, -8.143509581005136e-07, 3.5164321265015076e-06, -3.9629025490200065e-07, 0.21616203674312567], [-4.558337695058773e-07, 2.84494039695722e-07, -1.0886059685283975e-06, -3.9629025490200065e-07, -0.10098466229355324, 0.2546295773603378], [0.10251130248561999, -0.28506832234708507, 0.17898858470895576, 0.21616203674312567, 0.2546295773603378, 0.10096928183092259]]], [[[7.449934200800982e-08, 1.144434770690544e-07, 6.126119591546053e-07, 1.110151450628808e-06, 0.11227043978735002, -1.936099318976166e-08], [1.144434770690544e-07, -2.8318872438295493e-06, -1.604032749291665e-07, -1.2703285503233563e-06, -0.13109901389728634, -1.4803385099343158e-08], [6.126119591546053e-07, -1.604032749291665e-07, -1.814597322745128e-06, -3.850930531704095e-06, 0.09786691900958898, -1.0521669760810915e-07], [1.110151450628808e-06, -1.2703285503233563e-06, -3.850930531704095e-06, -4.306221396360482e-06, 0.10251412608967864, -4.558337695058773e-07], [0.11227043978735002, -0.13109901389728634, 0.09786691900958898, 0.10251412608967864, -0.1312246733995096, -0.052042073095968394], [-1.936099318976166e-08, -1.4803385099343158e-08, -1.0521669760810915e-07, -4.558337695058773e-07, -0.052042073095968394, 0.13124028033389862]], [[-1.1424921026064385e-06, -3.0522646502760687e-06, 1.5084916646177548e-06, -1.3423638179662222e-07, -0.13109901389728634, 2.3516761744054196e-07], [-3.0522646502760687e-06, 1.2774423984393137e-05, -1.572195759490842e-06, 9.791249433924897e-07, 0.40690693580086124, -3.560351712839232e-07], [1.5084916646177548e-06, -1.572195759490842e-06, 7.594797357442475e-06, 1.3370146309273312e-05, -0.25059786529504263, 1.0363660857505852e-06], [-1.3423638179662222e-07, 9.791249433924897e-07, 1.3370146309273312e-05, 1.623838119843384e-05, -0.2850822503681237, 2.84494039695722e-07], [-0.13109901389728634, 0.40690693580086124, -0.25059786529504263, -0.2850822503681237, 0.3466501646545228, 0.1374742299359351], [2.3516761744054196e-07, -3.560351712839232e-07, 1.0363660857505852e-06, 2.84494039695722e-07, 0.1374742299359351, -0.3466706859323262]], [[-4.5754491384681726e-07, 1.4252927928351614e-06, -4.017695937740626e-06, -2.6614146128809063e-06, 0.09786691900958898, -4.458487672328095e-07], [1.4252927928351614e-06, -3.0052634926362505e-06, 8.838524603683554e-06, 1.2186057638213734e-05, -0.25059786529504263, 8.649655055310855e-07], [-4.017695937740626e-06, 8.838524603683554e-06, -3.3658192881040784e-06, -3.822067522294686e-06, 0.17502322012861027, -9.958646727860464e-07], [-2.6614146128809063e-06, 1.2186057638213734e-05, -3.822067522294686e-06, -2.6848791120324904e-06, 0.1790044195205474, -1.0886059685283975e-06], [0.09786691900958898, -0.25059786529504263, 0.17502322012861027, 0.1790044195205474, -0.22537577033206876, -0.08937719377884269], [-4.458487672328095e-07, 8.649655055310855e-07, -9.958646727860464e-07, -1.0886059685283975e-06, -0.08937719377884269, 0.22537418403203482]], [[1.440703751473097e-07, 3.9019022991919614e-07, -4.353741332328498e-06, -2.189813735833012e-06, 0.10251412608967864, 5.96458875165046e-08], [3.9019022991919614e-07, -5.608810949071505e-08, 1.0285258091594378e-05, 1.5560993484398993e-05, -0.2850822503681237, 3.7938470417439095e-08], [-4.353741332328498e-06, 1.0285258091594378e-05, -2.2427535947475607e-06, -1.8614888078098753e-06, 0.1790044195205474, -2.8018469331751426e-07], [-2.189813735833012e-06, 1.5560993484398993e-05, -1.8614888078098753e-06, 6.445856431920364e-07, 0.21617854966323735, -3.9629025490200065e-07], [0.10251412608967864, -0.2850822503681237, 0.1790044195205474, 0.21617854966323735, -0.25462562750636963, -0.1009763043930518], [5.96458875165046e-08, 3.7938470417439095e-08, -2.8018469331751426e-07, -3.9629025490200065e-07, -0.1009763043930518, 0.2546303349751768]], [[-12.018871521642517, -0.23972481565023906, 0.17885107987827295, 0.11410872048269327, -0.1312246733995096, -0.052047782426765166], [-0.23972481565023906, -11.649197435224718, -0.25113663714221046, -0.3064315814336362, 0.3466501646545228, 0.13747443405952098], [0.17885107987827295, -0.25113663714221046, -11.922114514906056, 0.23599104419444467, -0.22537577033206876, -0.08938187051017799], [0.11410872048269327, -0.3064315814336362, 0.23599104419444467, -11.861185605510938, -0.25462562750636963, -0.10098466229355324], [-0.1312246733995096, 0.3466501646545228, -0.22537577033206876, -0.25462562750636963, -10.897823795071156, -2.860193336177147e-05], [-0.052047782426765166, 0.13747443405952098, -0.08938187051017799, -0.10098466229355324, -2.860193336177147e-05, -11.64789587267862]], [[4.900656781826718e-06, -8.653284730690456e-06, -6.743816003213784e-06, -1.9533319039835838e-05, -0.052042073095968394, 0.1312393936336734], [-8.653284730690456e-06, 1.2476047586897595e-05, 1.1534365233587111e-05, 1.3246512407920417e-05, 0.1374742299359351, -0.34667344344771994], [-6.743816003213784e-06, 1.1534365233587111e-05, -9.880559961729885e-06, 7.447805804929687e-07, -0.08937719377884269, 0.2253751110097524], [-1.9533319039835838e-05, 1.3246512407920417e-05, 7.447805804929687e-07, 7.852810341782649e-06, -0.1009763043930518, 0.2546295773603378], [-0.052042073095968394, 0.1374742299359351, -0.08937719377884269, -0.1009763043930518, -2.860193336177147e-05, 0.37506581136804334], [0.1312393936336734, -0.34667344344771994, 0.2253751110097524, 0.2546295773603378, 0.37506581136804334, -3.460107968097773e-06]]], [[[1.5202037230045366e-06, -2.4720152802047077e-06, -2.201797826004184e-06, -5.999669417023905e-06, -1.936099318976166e-08, 0.11227095271796891], [-2.4720152802047077e-06, 2.708561104877456e-06, 3.741123658121195e-06, 3.618666420370128e-06, 2.3516761744054196e-07, -0.13109928488071676], [-2.201797826004184e-06, 3.741123658121195e-06, -4.372890481122839e-06, -1.4858469972817375e-06, -4.458487672328095e-07, 0.09786300942763561], [-5.999669417023905e-06, 3.618666420370128e-06, -1.4858469972817375e-06, 6.325747848691083e-07, 5.96458875165046e-08, 0.10251130248561999], [-1.936099318976166e-08, 2.3516761744054196e-07, -4.458487672328095e-07, 5.96458875165046e-08, -0.052047782426765166, 0.1312393936336734], [0.11227095271796891, -0.13109928488071676, 0.09786300942763561, 0.10251130248561999, 0.1312393936336734, 0.05204295127576755]], [[-3.5329522411492014e-07, -2.133499986661492e-06, 1.0084823845449486e-06, -9.99209716350235e-07, -1.4803385099343158e-08, -0.13109928488071676], [-2.133499986661492e-06, 6.590645672043008e-06, -7.324744858108629e-07, 1.8513454952163694e-06, -3.560351712839232e-07, 0.4068974517153952], [1.0084823845449486e-06, -7.324744858108629e-07, 4.474649790656156e-06, 6.807416847201397e-06, 8.649655055310855e-07, -0.2505833706531287], [-9.99209716350235e-07, 1.8513454952163694e-06, 6.807416847201397e-06, 7.310338392123703e-06, 3.7938470417439095e-08, -0.28506832234708507], [-1.4803385099343158e-08, -3.560351712839232e-07, 8.649655055310855e-07, 3.7938470417439095e-08, 0.13747443405952098, -0.34667344344771994], [-0.13109928488071676, 0.4068974517153952, -0.2505833706531287, -0.28506832234708507, -0.34667344344771994, -0.13748543542926303]], [[1.1106936292542908e-06, -8.992459337187375e-07, -4.136766364341016e-06, -6.54191905027443e-06, -1.0521669760810915e-07, 0.09786300942763561], [-8.992459337187375e-07, 9.442067057590261e-07, 7.324743946929549e-06, 8.779336570622794e-06, 1.0363660857505852e-06, -0.2505833706531287], [-4.136766364341016e-06, 7.324743946929549e-06, -5.335532965222313e-06, -2.276141618174892e-06, -9.958646727860464e-07, 0.17500848498820792], [-6.54191905027443e-06, 8.779336570622794e-06, -2.276141618174892e-06, 7.798001956896325e-07, -2.8018469331751426e-07, 0.17898858470895576], [-1.0521669760810915e-07, 1.0363660857505852e-06, -9.958646727860464e-07, -2.8018469331751426e-07, -0.08938187051017799, 0.2253751110097524], [0.09786300942763561, -0.2505833706531287, 0.17500848498820792, 0.17898858470895576, 0.2253751110097524, 0.08937088111946705]], [[1.9662175655580715e-06, -4.136421530135794e-06, -5.413091729194273e-06, -1.0758585121043544e-05, -4.558337695058773e-07, 0.10251130248561999], [-4.136421530135794e-06, 6.074249821973195e-06, 1.0807678306610177e-05, 1.3038574914820062e-05, 2.84494039695722e-07, -0.28506832234708507], [-5.413091729194273e-06, 1.0807678306610177e-05, -5.520317493331766e-06, -8.143509581005136e-07, -1.0886059685283975e-06, 0.17898858470895576], [-1.0758585121043544e-05, 1.3038574914820062e-05, -8.143509581005136e-07, 3.5164321265015076e-06, -3.9629025490200065e-07, 0.21616203674312567], [-4.558337695058773e-07, 2.84494039695722e-07, -1.0886059685283975e-06, -3.9629025490200065e-07, -0.10098466229355324, 0.2546295773603378], [0.10251130248561999, -0.28506832234708507, 0.17898858470895576, 0.21616203674312567, 0.2546295773603378, 0.10096928183092259]], [[4.900656781826718e-06, -8.653284730690456e-06, -6.743816003213784e-06, -1.9533319039835838e-05, -0.052042073095968394, 0.1312393936336734], [-8.653284730690456e-06, 1.2476047586897595e-05, 1.1534365233587111e-05, 1.3246512407920417e-05, 0.1374742299359351, -0.34667344344771994], [-6.743816003213784e-06, 1.1534365233587111e-05, -9.880559961729885e-06, 7.447805804929687e-07, -0.08937719377884269, 0.2253751110097524], [-1.9533319039835838e-05, 1.3246512407920417e-05, 7.447805804929687e-07, 7.852810341782649e-06, -0.1009763043930518, 0.2546295773603378], [-0.052042073095968394, 0.1374742299359351, -0.08937719377884269, -0.1009763043930518, -2.860193336177147e-05, 0.37506581136804334], [0.1312393936336734, -0.34667344344771994, 0.2253751110097524, 0.2546295773603378, 0.37506581136804334, -3.460107968097773e-06]], [[-12.018867640025142, -0.23972784778192738, 0.1788418309025092, 0.1140961467221671, 0.13124028033389862, 0.05204295127576755], [-0.23972784778192738, -11.6492019150503, -0.2511172620161375, -0.3064093256950441, -0.3466706859323262, -0.13748543542926303], [0.1788418309025092, -0.2511172620161375, -11.922129788496147, 0.23597535240181766, 0.22537418403203482, 0.08937088111946705], [0.1140961467221671, -0.3064093256950441, 0.23597535240181766, -11.861197563810107, 0.2546303349751768, 0.10096928183092259], [0.13124028033389862, -0.3466706859323262, 0.22537418403203482, 0.2546303349751768, -11.64789587267862, -3.460107968097773e-06], [0.05204295127576755, -0.13748543542926303, 0.08937088111946705, 0.10096928183092259, -3.460107968097773e-06, -10.897794406923326]]]], [[[[-11.99806259360137, -0.025028035823705882, -0.020017644193734932, -0.023787655387245487, -1.6399883033358532e-07, 1.1056652435253057e-08], [-0.025028035823705882, -12.048386009664874, 0.016288892565710204, 0.02128110486754846, 1.0072764163606608e-06, -8.434087466427798e-07], [-0.020017644193734932, 0.016288892565710204, -12.071163931151094, 0.045930990661241455, -8.060832079510771e-07, 1.5507807186550173e-07], [-0.023787655387245487, 0.02128110486754846, 0.045930990661241455, -12.044615631553363, 4.734827266882269e-07, 1.701253068235433e-06], [-1.6399883033358532e-07, 1.0072764163606608e-06, -8.060832079510771e-07, 4.734827266882269e-07, -12.017980721104015, 3.201663857241366e-06], [1.1056652435253057e-08, -8.434087466427798e-07, 1.5507807186550173e-07, 1.701253068235433e-06, 3.201663857241366e-06, -12.01797751886381]], [[-0.014547643149208695, 0.13289811845155527, 0.06314180902774098, 0.03354995414727823, 2.987748475814206e-08, -4.638260067620109e-07], [0.13289811845155527, -0.34388630239237833, -0.06101992742016101, 0.10207392999895842, 1.929771570444507e-06, 4.09946803977137e-06], [0.06314180902774098, -0.06101992742016101, -0.059004418467142924, -0.12961987646646167, 3.2366078795983512e-06, 2.199405468796076e-06], [0.03354995414727823, 0.10207392999895842, -0.12961987646646167, -0.27938355003598486, 9.756467641781546e-07, -2.416336714286388e-06], [2.987748475814206e-08, 1.929771570444507e-06, 3.2366078795983512e-06, 9.756467641781546e-07, -0.238141514613085, -6.1342925307909565e-06], [-4.638260067620109e-07, 4.09946803977137e-06, 2.199405468796076e-06, -2.416336714286388e-06, -6.1342925307909565e-06, -0.23814182889262725]], [[0.008854131780829009, 0.011202233544071735, -0.10971295076556616, -0.03460772818473516, 8.159871469695134e-08, 4.970542393086565e-07], [0.011202233544071735, -0.07276867802856661, 0.03899449053046131, 0.17482069418888418, -1.4463363437939302e-06, 8.453434427855857e-07], [-0.10971295076556616, 0.03899449053046131, 0.04941031335642134, 0.0683827646696843, -3.82247548108247e-06, -3.130535602682294e-06], [-0.03460772818473516, 0.17482069418888418, 0.0683827646696843, 0.028596231621003356, -4.0589359733499705e-06, -5.3586594828953335e-06], [8.159871469695134e-08, -1.4463363437939302e-06, -3.82247548108247e-06, -4.0589359733499705e-06, 0.17566834911080884, -4.801943032597293e-06], [4.970542393086565e-07, 8.453434427855857e-07, -3.130535602682294e-06, -5.3586594828953335e-06, -4.801943032597293e-06, 0.17565612656202906]], [[0.0077511658054519135, 0.006028810233597033, 0.00446812384104373, -0.08949482680465533, 2.747783362672557e-07, 2.6434820501266326e-07], [0.006028810233597033, -0.12328438392529488, 0.05082452404087601, 0.14858553459100343, -7.367889540371297e-07, 6.017214673539957e-06], [0.00446812384104373, 0.05082452404087601, 0.042091969806549, 0.02973008684416943, -2.5047477123314095e-06, -2.592727584207465e-06], [-0.08949482680465533, 0.14858553459100343, 0.02973008684416943, -0.029741233616257825, -1.6304339380303142e-06, -8.637491569082786e-06], [2.747783362672557e-07, -7.367889540371297e-07, -2.5047477123314095e-06, -1.6304339380303142e-06, 0.11171209382989297, -1.3956011800349589e-05], [2.6434820501266326e-07, 6.017214673539957e-06, -2.592727584207465e-06, -8.637491569082786e-06, -1.3956011800349589e-05, 0.11169605787396197]], [[-5.135393455913911e-07, 8.438049230802207e-07, -2.3026401107534346e-07, -1.3337655161512582e-06, -0.09449592753617163, -0.007019762311315767], [8.438049230802207e-07, -3.883483058401136e-06, -1.2439543151972768e-06, 2.714784198434506e-06, 0.08662293061148801, 0.0064349309213425085], [-2.3026401107534346e-07, -1.2439543151972768e-06, -1.1811890708833147e-06, -2.434895194559556e-06, 0.10242886495403858, 0.007609065578936479], [-1.3337655161512582e-06, 2.714784198434506e-06, -2.434895194559556e-06, -3.2203526132567277e-06, 0.13687287245663157, 0.01016730117896457], [-0.09449592753617163, 0.08662293061148801, 0.10242886495403858, 0.13687287245663157, -0.11931082627742504, -0.06924525241787564], [-0.007019762311315767, 0.0064349309213425085, 0.007609065578936479, 0.01016730117896457, -0.06924525241787564, 0.11932267704367965]], [[2.3154962526911197e-06, -3.808475514429071e-06, -8.346634874960105e-07, 5.088460682151972e-06, 0.007020167609894708, -0.09449577503221251], [-3.808475514429071e-06, 4.462078192951421e-06, -3.19907116430627e-07, -3.2398748104895694e-06, -0.006435415603061422, 0.08662285028901537], [-8.346634874960105e-07, -3.19907116430627e-07, -4.091217673347258e-06, -3.863562661191226e-06, -0.007609619273012837, 0.10242397706082523], [5.088460682151972e-06, -3.2398748104895694e-06, -3.863562661191226e-06, -1.957421068556352e-06, -0.010168136303358428, 0.13687033336217755], [0.007020167609894708, -0.006435415603061422, -0.007609619273012837, -0.010168136303358428, -0.06925163542688031, 0.11932143635648862], [-0.09449577503221251, 0.08662285028901537, 0.10242397706082523, 0.13687033336217755, 0.11932143635648862, 0.0692460892978865]]], [[[-0.014547643149208695, 0.13289811845155527, 0.06314180902774098, 0.03354995414727823, 2.987748475814206e-08, -4.638260067620109e-07], [0.13289811845155527, -0.34388630239237833, -0.06101992742016101, 0.10207392999895842, 1.929771570444507e-06, 4.09946803977137e-06], [0.06314180902774098, -0.06101992742016101, -0.059004418467142924, -0.12961987646646167, 3.2366078795983512e-06, 2.199405468796076e-06], [0.03354995414727823, 0.10207392999895842, -0.12961987646646167, -0.27938355003598486, 9.756467641781546e-07, -2.416336714286388e-06], [2.987748475814206e-08, 1.929771570444507e-06, 3.2366078795983512e-06, 9.756467641781546e-07, -0.238141514613085, -6.1342925307909565e-06], [-4.638260067620109e-07, 4.09946803977137e-06, 2.199405468796076e-06, -2.416336714286388e-06, -6.1342925307909565e-06, -0.23814182889262725]], [[-12.06025012068904, -0.26301487350528246, -0.10057343316512284, -0.004896422670189197, 1.5910094516603079e-06, 1.5533557797372575e-06], [-0.26301487350528246, -11.115460272817066, 0.12633597912538508, -0.43404871444018306, -8.657857912246408e-06, -9.062515379933563e-06], [-0.10057343316512284, 0.12633597912538508, -12.030215912311684, 0.25390996778697206, -8.07740933138776e-06, -4.888522863062507e-06], [-0.004896422670189197, -0.43404871444018306, 0.25390996778697206, -11.39190714427205, -3.48142027111849e-06, 2.287583735625263e-06], [1.5910094516603079e-06, -8.657857912246408e-06, -8.07740933138776e-06, -3.48142027111849e-06, -11.65284381795021, 9.429530755727909e-06], [1.5533557797372575e-06, -9.062515379933563e-06, -4.888522863062507e-06, 2.287583735625263e-06, 9.429530755727909e-06, -11.652853051833384]], [[-0.01214922316796219, -0.053352835199302596, 0.055202005773224275, 0.10388595768088003, -4.874887011742295e-07, -6.673566107391347e-07], [-0.053352835199302596, 0.3732947705812419, -0.08910648117290038, -0.4323926315458535, 1.1739831321969342e-06, -2.57519729957471e-06], [0.055202005773224275, -0.08910648117290038, -0.08878070452811274, -0.06721465272035382, 6.95074730872287e-06, 4.6965834536640815e-06], [0.10388595768088003, -0.4323926315458535, -0.06721465272035382, 0.10946217891220637, 9.222045551243229e-06, 1.0285887745574455e-05], [-4.874887011742295e-07, 1.1739831321969342e-06, 6.95074730872287e-06, 9.222045551243229e-06, -0.2450804372280295, 7.792152368588962e-06], [-6.673566107391347e-07, -2.57519729957471e-06, 4.6965834536640815e-06, 1.0285887745574455e-05, 7.792152368588962e-06, -0.2450574304075295]], [[-0.021689683890941093, -0.13377968357434014, 0.10378307624141049, 0.1177329816769591, 1.5116731104048178e-07, 1.6160103111834215e-07], [-0.13377968357434014, 0.7468148680034412, -0.07746321417588868, -0.7705517063722694, -4.28032601877195e-07, -5.357759502226931e-06], [0.10378307624141049, -0.07746321417588868, -0.11081438664415325, -0.06294049279604194, 8.34712126694903e-06, 4.8255120100380554e-06], [0.1177329816769591, -0.7705517063722694, -0.06294049279604194, 0.29295545337655143, 1.2982778753348908e-05, 1.179392352007695e-05], [1.5116731104048178e-07, -4.28032601877195e-07, 8.34712126694903e-06, 1.2982778753348908e-05, -0.297819587058156, 8.728798836330804e-06], [1.6160103111834215e-07, -5.357759502226931e-06, 4.8255120100380554e-06, 1.179392352007695e-05, 8.728798836330804e-06, -0.29779342369266243]], [[-8.510229225300164e-07, -3.1223939762570784e-06, -3.89883990517558e-06, 1.9891775042787115e-07, 0.10045056026738684, 0.007461974636926617], [-3.1223939762570784e-06, 1.392756703116922e-05, 4.120267205289375e-06, -5.176764857283263e-06, -0.27646562323155416, -0.020537718879350197], [-3.89883990517558e-06, 4.120267205289375e-06, 4.187559325487337e-06, 9.732401571695389e-06, -0.26884108503298854, -0.01997034137049457], [1.9891775042787115e-07, -5.176764857283263e-06, 9.732401571695389e-06, 1.541232864714223e-05, -0.37963888823652825, -0.028201364369790642], [0.10045056026738684, -0.27646562323155416, -0.26884108503298854, -0.37963888823652825, 0.3147572714930425, 0.18267318748368758], [0.007461974636926617, -0.020537718879350197, -0.01997034137049457, -0.028201364369790642, 0.18267318748368758, -0.31476989938157385]], [[3.1861158034453423e-07, -2.1846686760674987e-06, -2.687045837784802e-06, 7.606378481315003e-07, -0.007462516105786219, 0.10044955689203902], [-2.1846686760674987e-06, 8.030740690281012e-06, 2.2248757785417946e-06, -3.209613777363865e-06, 0.02053818819716407, -0.2764586209715815], [-2.687045837784802e-06, 2.2248757785417946e-06, 2.9017802866333047e-06, 5.497697653062072e-06, 0.019971562524382827, -0.2688243007211528], [7.606378481315003e-07, -3.209613777363865e-06, 5.497697653062072e-06, 8.068194700567