{"h1e": [[0.36687794622729475, 8.71831451857898e-07, -4.197142756862994e-06, 3.809262055137816e-06, -6.32724720173542e-08, -9.113260370328557e-07, 3.1919986689832743e-06], [8.718314518177895e-07, 0.5567479242060133, 1.916644038032313e-06, 1.5303553218842323e-06, -0.017498023520521183, 0.004175488094186164, -0.0035260815758816916], [-4.197142756868286e-06, 1.9166440381034366e-06, 0.55672217971377, -1.1952699962819207e-06, -0.005237614190866362, -0.016140994392132173, 0.006929771249747598], [3.809262055098793e-06, 1.5303553218009656e-06, -1.1952699962524305e-06, 0.5567446385763282, 0.001524116473941131, -0.007622767086794443, -0.016605802279790374], [-6.327247202271782e-08, -0.0174980235205211, -0.005237614190866514, 0.0015241164739412333, 0.6226927939222723, -5.766873847273972e-06, 5.545455385229296e-06], [-9.113260370492867e-07, 0.0041754880941862055, -0.01614099439213202, -0.007622767086794374, -5.766873847093561e-06, 0.622675114675237, 5.777864583571744e-06], [3.1919986689949833e-06, -0.003526081575881695, 0.00692977124974756, -0.016605802279790388, 5.545455385282205e-06, 5.777864583519702e-06, 0.6226917310989382]], "eri": [[[[0.09637894853445592, 2.269283524019951e-07, -4.8451805751279436e-08, 2.7682055649951062e-08, 1.3128882583056555e-07, -3.5795953094036407e-08, 5.075089706674135e-08], [2.269283524019951e-07, 0.07450280991373301, -9.028976564944996e-08, 2.955970549475967e-08, 0.018567843264451475, -0.004426876230716633, 0.003738103496651264], [-4.8451805751279436e-08, -9.028976564944996e-08, 0.07450213700005098, -1.1691776631452323e-07, 0.005563411909217163, 0.01712735649885384, -0.0073524315702266415], [2.7682055649951062e-08, 2.955970549475967e-08, -1.1691776631452323e-07, 0.07450121935296589, -0.0016184454921628164, 0.008087593571300506, 0.017615449661451472], [1.3128882583056555e-07, 0.018567843264451475, 0.005563411909217163, -0.0016184454921628164, 0.05306416941308888, 3.5999874992763164e-09, -3.2226884244463467e-07], [-3.5795953094036407e-08, -0.004426876230716633, 0.01712735649885384, 0.008087593571300506, 3.5999874992763164e-09, 0.05306452489152684, -3.358201636498926e-07], [5.075089706674135e-08, 0.003738103496651264, -0.0073524315702266415, 0.017615449661451472, -3.2226884244463467e-07, -3.358201636498926e-07, 0.05306420912650814]], [[2.1888651004690537e-07, 0.021226976055471067, 2.7766395774638444e-07, 1.349232836281812e-07, 0.01119602089877065, -0.002669143818365264, 0.0022539230566799885], [0.021226976055471067, 3.924248688255002e-07, -5.070332951120048e-08, -7.365026543627968e-08, 1.2626978937326718e-07, -1.0925322727723045e-07, -8.573462233013527e-08], [2.7766395774638444e-07, -5.070332951120048e-08, 1.2612955755849246e-08, -1.8476846937836897e-07, -5.855334298224986e-08, -1.2311999482460167e-07, -1.054362522693036e-07], [1.349232836281812e-07, -7.365026543627968e-08, -1.8476846937836897e-07, -9.349750543978802e-08, -5.4335575492645107e-08, -9.62066543824665e-08, -7.552320483676683e-08], [0.01119602089877065, 1.2626978937326718e-07, -5.855334298224986e-08, -5.4335575492645107e-08, 1.0377384972026521e-07, -5.98261115749309e-08, -5.830317762998448e-09], [-0.002669143818365264, -1.0925322727723045e-07, -1.2311999482460167e-07, -9.62066543824665e-08, -5.98261115749309e-08, -8.652076514876443e-08, -1.628410934698606e-08], [0.0022539230566799885, -8.573462233013527e-08, -1.054362522693036e-07, -7.552320483676683e-08, -5.830317762998448e-09, -1.628410934698606e-08, 3.528174644557704e-08]], [[-4.862147107883327e-08, 2.3358502335627012e-07, 0.02122626936488323, 4.4420625103966975e-08, 0.0033547175314185777, 0.01032710180557949, -0.004433238181181965], [2.3358502335627012e-07, -2.4301109359887913e-08, 1.1661139069902124e-09, -3.7084395877497844e-08, -7.387316163685755e-08, -6.047923911079693e-08, -2.1805386055097203e-08], [0.02122626936488323, 1.1661139069902124e-09, 2.2482083041111603e-10, 3.507935799396017e-08, 8.881075520914571e-08, 6.539816964656919e-09, 1.0756908904983598e-07], [4.4420625103966975e-08, -3.7084395877497844e-08, 3.507935799396017e-08, -1.1515740856773585e-07, -3.8243280304107e-09, 1.2405828019542681e-08, -7.518537747655157e-08], [0.0033547175314185777, -7.387316163685755e-08, 8.881075520914571e-08, -3.8243280304107e-09, 6.872480099992691e-08, -9.93905217301804e-09, 2.822273803477653e-08], [0.01032710180557949, -6.047923911079693e-08, 6.539816964656919e-09, 1.2405828019542681e-08, -9.93905217301804e-09, 1.2607777814216592e-07, -8.116647284059244e-08], [-0.004433238181181965, -2.1805386055097203e-08, 1.0756908904983598e-07, -7.518537747655157e-08, 2.822273803477653e-08, -8.116647284059244e-08, -1.2864516443063855e-07]], [[2.9693655553618624e-08, 1.2302024094291503e-07, 3.415919867725857e-08, 0.02122606612814721, -0.0009757954673740803, 0.004876714506789798, 0.010621805764653323], [1.2302024094291503e-07, -2.700699900167479e-07, -5.4613681556147615e-08, -2.544463418549073e-07, -1.8136436942596262e-07, -1.678156098650091e-08, -1.6831661098002143e-07], [3.415919867725857e-08, -5.4613681556147615e-08, 3.92611290191998e-08, 6.105548108570075e-08, -2.1965934175614373e-08, 5.7664052524892675e-08, -1.1239815958974278e-07], [0.02122606612814721, -2.544463418549073e-07, 6.105548108570075e-08, 1.4011591343474541e-07, -1.5213240565443752e-07, 1.3880659943287138e-07, -4.741017602355223e-09], [-0.0009757954673740803, -1.8136436942596262e-07, -2.1965934175614373e-08, -1.5213240565443752e-07, -9.521387609422913e-08, -2.1261363284806326e-08, -1.5288784979998828e-07], [0.004876714506789798, -1.678156098650091e-08, 5.7664052524892675e-08, 1.3880659943287138e-07, -2.1261363284806326e-08, 5.873883538331762e-08, 2.443479383605404e-08], [0.010621805764653323, -1.6831661098002143e-07, -1.1239815958974278e-07, -4.741017602355223e-09, -1.5288784979998828e-07, 2.443479383605404e-08, -4.0843509925180615e-08]], [[1.2727143298319493e-07, 0.011196023786914361, 0.003354740886172041, -0.0009757861647503355, 0.007252629590113424, 4.66676503452514e-08, -1.5776787495334922e-07], [0.011196023786914361, 1.6923817794142625e-07, -3.273494837987087e-08, -5.123524629280374e-08, 1.3235480056955389e-08, -8.807156867146409e-08, -6.939707252825636e-08], [0.003354740886172041, -3.273494837987087e-08, -9.353174361709367e-09, -1.224578305100606e-07, -1.4723115324033165e-08, -8.982182614919646e-08, -4.5541701418376346e-08], [-0.0009757861647503355, -5.123524629280374e-08, -1.224578305100606e-07, -6.423442122155054e-08, -3.616446748890197e-08, -4.689631624254681e-08, -4.1916732112777214e-08], [0.007252629590113424, 1.3235480056955389e-08, -1.4723115324033165e-08, -3.616446748890197e-08, 1.0647116202102315e-07, -9.425765112247574e-09, -2.05448063083126e-08], [4.66676503452514e-08, -8.807156867146409e-08, -8.982182614919646e-08, -4.689631624254681e-08, -9.425765112247574e-09, -1.7463921953986297e-08, -4.7982603393847936e-08], [-1.5776787495334922e-07, -6.939707252825636e-08, -4.5541701418376346e-08, -4.1916732112777214e-08, -2.05448063083126e-08, -4.7982603393847936e-08, 5.949860108499022e-08]], [[-3.4995930300279614e-08, -0.0026691674736727972, 0.010327110142581728, 0.0048767263433314445, 3.546657351919643e-08, 0.0072528426857352115, 6.89347780979452e-08], [-0.0026691674736727972, -1.6853812933295358e-07, -4.123952171424027e-08, -7.29004129522544e-08, -1.0122429636853241e-07, -3.8857158538922515e-08, -3.2549420348880646e-08], [0.010327110142581728, -4.123952171424027e-08, 5.3599061748557696e-08, 5.82278253030035e-08, 1.634615733647308e-08, 2.125219390737995e-08, 2.29901981869636e-08], [0.0048767263433314445, -7.29004129522544e-08, 5.82278253030035e-08, 1.1696338804219743e-07, -3.568723332718111e-08, 1.0139052709627551e-07, 4.757901159913732e-08], [3.546657351919643e-08, -1.0122429636853241e-07, 1.634615733647308e-08, -3.568723332718111e-08, -5.3712668555276815e-08, 5.7105069545015673e-08, -3.770515716145948e-08], [0.0072528426857352115, -3.8857158538922515e-08, 2.125219390737995e-08, 1.0139052709627551e-07, 5.7105069545015673e-08, 8.917197834366975e-08, -3.68694648391348e-08], [6.89347780979452e-08, -3.2549420348880646e-08, 2.29901981869636e-08, 4.757901159913732e-08, -3.770515716145948e-08, -3.68694648391348e-08, -1.070824438465904e-08]], [[5.431803768944862e-08, 0.00225393277914218, -0.004433239352624379, 0.010621810525999826, -1.5431017178382118e-07, 6.738395443838274e-08, 0.007252889024846961], [0.00225393277914218, -1.6281104855277937e-07, -7.09905898762477e-08, -1.940761182351631e-07, -3.3922755306121714e-08, -5.082255232531351e-08, -1.253810233422427e-07], [-0.004433239352624379, -7.09905898762477e-08, 2.2591144701630702e-08, -8.648702493958296e-09, -4.0129310202323475e-08, 9.791716774302008e-09, -1.1480609284138168e-07], [0.010621810525999826, -1.940761182351631e-07, -8.648702493958296e-09, 1.4321986530584906e-07, -1.6481584055742263e-07, 8.02865916482219e-08, 4.731368377222412e-08], [-1.5431017178382118e-07, -3.3922755306121714e-08, -4.0129310202323475e-08, -1.6481584055742263e-07, -6.565510705661419e-08, -1.7195490653455436e-08, -8.012204991604453e-08], [6.738395443838274e-08, -5.082255232531351e-08, 9.791716774302008e-09, 8.02865916482219e-08, -1.7195490653455436e-08, 4.580796645552575e-08, 8.961819411386733e-08], [0.007252889024846961, -1.253810233422427e-07, -1.1480609284138168e-07, 4.731368377222412e-08, -8.012204991604453e-08, 8.961819411386733e-08, -8.544659600852544e-09]]], [[[2.1888651004690537e-07, 0.021226976055471067, 2.7766395774638444e-07, 1.349232836281812e-07, 0.01119602089877065, -0.002669143818365264, 0.0022539230566799885], [0.021226976055471067, 3.924248688255002e-07, -5.070332951120048e-08, -7.365026543627968e-08, 1.2626978937326718e-07, -1.0925322727723045e-07, -8.573462233013527e-08], [2.7766395774638444e-07, -5.070332951120048e-08, 1.2612955755849246e-08, -1.8476846937836897e-07, -5.855334298224986e-08, -1.2311999482460167e-07, -1.054362522693036e-07], [1.349232836281812e-07, -7.365026543627968e-08, -1.8476846937836897e-07, -9.349750543978802e-08, -5.4335575492645107e-08, -9.62066543824665e-08, -7.552320483676683e-08], [0.01119602089877065, 1.2626978937326718e-07, -5.855334298224986e-08, -5.4335575492645107e-08, 1.0377384972026521e-07, -5.98261115749309e-08, -5.830317762998448e-09], [-0.002669143818365264, -1.0925322727723045e-07, -1.2311999482460167e-07, -9.62066543824665e-08, -5.98261115749309e-08, -8.652076514876443e-08, -1.628410934698606e-08], [0.0022539230566799885, -8.573462233013527e-08, -1.054362522693036e-07, -7.552320483676683e-08, -5.830317762998448e-09, -1.628410934698606e-08, 3.528174644557704e-08]], [[0.07450279707661026, 3.965646239387448e-07, -2.374264397127266e-08, -2.7164078151458786e-07, 1.710061917735016e-07, -1.6881773072116403e-07, -1.648054076207298e-07], [3.965646239387448e-07, 0.07278349106614651, 0.00035177469610959234, 0.0001769992052445809, 0.014874702941093845, -0.0032219795831279737, 0.003002527971885244], [-2.374264397127266e-08, 0.00035177469610959234, 0.0619164418154399, 0.00012515390089042606, 0.003460833589156034, 0.009827018559405152, -0.004082910094963492], [-2.7164078151458786e-07, 0.0001769992052445809, 0.00012515390089042606, 0.060450690278465474, -0.0006687216052307257, 0.004218048527519982, 0.009054531477889706], [1.710061917735016e-07, 0.014874702941093845, 0.003460833589156034, -0.0006687216052307257, 0.0518069265039587, -0.0010662715444265572, 0.000582743176978607], [-1.6881773072116403e-07, -0.0032219795831279737, 0.009827018559405152, 0.004218048527519982, -0.0010662715444265572, 0.048834917084829094, 7.564259104791602e-05], [-1.648054076207298e-07, 0.003002527971885244, -0.004082910094963492, 0.009054531477889706, 0.000582743176978607, 7.564259104791602e-05, 0.04934135281489213]], [[-9.519280980636718e-08, -5.048411053678714e-08, -2.612814785747452e-10, -5.408275766778358e-08, -3.3014624743057324e-08, -4.173391548957794e-08, -7.02433133215335e-08], [-5.048411053678714e-08, 0.0003517677856802212, 0.00582106542821744, 0.00012524299590238816, 0.0009685619473114215, 0.00215535309712818, -0.0007894642519645147], [-2.612814785747452e-10, 0.00582106542821744, -0.0007807787575379052, -0.00017196557755731393, 0.002193313563875204, -0.0011720817166352981, 0.0005872228445749248], [-5.408275766778358e-08, 0.00012524299590238816, -0.00017196557755731393, 0.00042851982013431347, 2.7867024253626725e-05, -1.3644139437841673e-06, 0.000383148430069679], [-3.3014624743057324e-08, 0.0009685619473114215, 0.002193313563875204, 2.7867024253626725e-05, 0.0007610911205388648, 0.0014377870375471094, -0.000613365667638507], [-4.173391548957794e-08, 0.00215535309712818, -0.0011720817166352981, -1.3644139437841673e-06, 0.0014377870375471094, -0.0002710839238149562, 0.0002572976725095282], [-7.02433133215335e-08, -0.0007894642519645147, 0.0005872228445749248, 0.000383148430069679, -0.000613365667638507, 0.0002572976725095282, -0.000490352088338378]], [[2.4981583865079753e-08, -7.285646994272873e-08, -3.8703819893771344e-08, -2.548164001566195e-07, -5.125873937919921e-08, -7.395307695430501e-08, -1.936937830847149e-07], [-7.285646994272873e-08, 0.00017699511229525322, 0.00012524400644145232, 0.004355874214295013, 5.629084963379921e-05, 0.0005955801443114769, 0.0011646039481058332], [-3.8703819893771344e-08, 0.00012524400644145232, -0.00017132078646544413, 0.00042873707437595906, 2.7901163618499618e-05, -9.322040119409337e-07, 0.0003830082009529801], [-2.548164001566195e-07, 0.004355874214295013, 0.00042873707437595906, -5.512604298564283e-06, 0.0013373620429839301, 5.816529016295193e-06, 0.00011533793667483784], [-5.125873937919921e-08, 5.629084963379921e-05, 2.7901163618499618e-05, 0.0013373620429839301, -0.0005208859750505865, 0.0010366364518485933, 0.002075580059992831], [-7.395307695430501e-08, 0.0005955801443114769, -9.322040119409337e-07, 5.816529016295193e-06, 0.0010366364518485933, -0.0005645101780934205, -0.000533114864278057], [-1.936937830847149e-07, 0.0011646039481058332, 0.0003830082009529801, 0.00011533793667483784, 0.002075580059992831, -0.000533114864278057, 0.0010853822339640421]], [[0.018567836331512568, 1.2884952235571848e-07, -7.352617993221967e-08, -1.8160420610040093e-07, 1.4291274230230034e-08, -1.0124086937044953e-07, -3.4893243106945296e-08], [1.2884952235571848e-07, 0.014874701808038151, 0.0009685673707269883, 5.629426789615326e-05, 0.010731152822921248, -0.0020447892065027177, 0.0017644907471468414], [-7.352617993221967e-08, 0.0009685673707269883, 0.01050954751449202, 2.7765340515517926e-05, 0.002638995372453672, 0.006390837668364629, -0.002689006889092493], [-1.8160420610040093e-07, 5.629426789615326e-05, 2.7765340515517926e-05, 0.009653698863690724, -0.0007321076081415664, 0.0030760479134424755, 0.006605360559766], [1.4291274230230034e-08, 0.010731152822921248, 0.002638995372453672, -0.0007321076081415664, 0.0017456716366565364, 0.00023163753728706565, 0.00012930484723727188], [-1.0124086937044953e-07, -0.0020447892065027177, 0.006390837668364629, 0.0030760479134424755, 0.00023163753728706565, 0.0013729700639965076, -0.0001647099849460838], [-3.4893243106945296e-08, 0.0017644907471468414, -0.002689006889092493, 0.006605360559766, 0.00012930484723727188, -0.0001647099849460838, 0.0011275669812568277]], [[-0.004426875346536072, -1.0971008996067507e-07, -6.15834336088467e-08, -1.684616890963684e-08, -8.852465515285775e-08, -3.943988447716689e-08, -5.037908879180594e-08], [-1.0971008996067507e-07, -0.003221979600808956, 0.002155351330860593, 0.0005955751735153972, -0.0020447902412602643, 0.0024933914886795, -0.00044628045172051447], [-6.15834336088467e-08, 0.002155351330860593, -0.0031545085657585853, -1.40142658545011e-06, 0.001019008512748548, -0.001971280635736484, 0.0009983039165751936], [-1.684616890963684e-08, 0.0005955751735153972, -1.40142658545011e-06, -0.0019767438529616856, 0.0008340603642553859, -0.0008789504502108416, -0.0014153495507824483], [-8.852465515285775e-08, -0.0020447902412602643, 0.001019008512748548, 0.0008340603642553859, -0.0001282733571920045, -0.00013779644795432316, -0.00016460894495802124], [-3.943988447716689e-08, 0.0024933914886795, -0.001971280635736484, -0.0008789504502108416, -0.00013779644795432316, -0.0006456307728701517, 0.0003201967007149936], [-5.037908879180594e-08, -0.00044628045172051447, 0.0009983039165751936, -0.0014153495507824483, -0.00016460894495802124, 0.0003201967007149936, -0.00023850304899292939]], [[0.0037381026277570695, -8.449133223101789e-08, -2.2544682697497015e-08, -1.6836529798872976e-07, -6.893913996091925e-08, -3.3131147147372905e-08, -1.2531698157779166e-07], [-8.449133223101789e-08, 0.003002528111541318, -0.0007894623829678294, 0.0011645972130452436, 0.0017644912752543297, -0.0004462799607011727, 0.0022843418263911084], [-2.2544682697497015e-08, -0.0007894623829678294, 0.0022618106114265252, 0.00038316328178273945, -0.0002225996329618936, 0.0014920927280474912, -0.0006676809146706838], [-1.6836529798872976e-07, 0.0011645972130452436, 0.00038316328178273945, 0.0017894501093125735, 0.0013826938025022495, 0.0002809080008960615, 0.0016103994434045995], [-6.893913996091925e-08, 0.0017644912752543297, -0.0002225996329618936, 0.0013826938025022495, 0.0004336045927059683, -0.0001644243710749332, -0.0003831595024241462], [-3.3131147147372905e-08, -0.0004462799607011727, 0.0014920927280474912, 0.0002809080008960615, -0.0001644243710749332, 0.0006245423371819576, 0.00012177263552112729], [-1.2531698157779166e-07, 0.0022843418263911084, -0.0006676809146706838, 0.0016103994434045995, -0.0003831595024241462, 0.00012177263552112729, -0.00020336529618414682]]], [[[-4.862147107883327e-08, 2.3358502335627012e-07, 0.02122626936488323, 4.4420625103966975e-08, 0.0033547175314185777, 0.01032710180557949, -0.004433238181181965], [2.3358502335627012e-07, -2.4301109359887913e-08, 1.1661139069902124e-09, -3.7084395877497844e-08, -7.387316163685755e-08, -6.047923911079693e-08, -2.1805386055097203e-08], [0.02122626936488323, 1.1661139069902124e-09, 2.2482083041111603e-10, 3.507935799396017e-08, 8.881075520914571e-08, 6.539816964656919e-09, 1.0756908904983598e-07], [4.4420625103966975e-08, -3.7084395877497844e-08, 3.507935799396017e-08, -1.1515740856773585e-07, -3.8243280304107e-09, 1.2405828019542681e-08, -7.518537747655157e-08], [0.0033547175314185777, -7.387316163685755e-08, 8.881075520914571e-08, -3.8243280304107e-09, 6.872480099992691e-08, -9.93905217301804e-09, 2.822273803477653e-08], [0.01032710180557949, -6.047923911079693e-08, 6.539816964656919e-09, 1.2405828019542681e-08, -9.93905217301804e-09, 1.2607777814216592e-07, -8.116647284059244e-08], [-0.004433238181181965, -2.1805386055097203e-08, 1.0756908904983598e-07, -7.518537747655157e-08, 2.822273803477653e-08, -8.116647284059244e-08, -1.2864516443063855e-07]], [[-9.519280980636718e-08, -5.048411053678714e-08, -2.612814785747452e-10, -5.408275766778358e-08, -3.3014624743057324e-08, -4.173391548957794e-08, -7.02433133215335e-08], [-5.048411053678714e-08, 0.0003517677856802212, 0.00582106542821744, 0.00012524299590238816, 0.0009685619473114215, 0.00215535309712818, -0.0007894642519645147], [-2.612814785747452e-10, 0.00582106542821744, -0.0007807787575379052, -0.00017196557755731393, 0.002193313563875204, -0.0011720817166352981, 0.0005872228445749248], [-5.408275766778358e-08, 0.00012524299590238816, -0.00017196557755731393, 0.00042851982013431347, 2.7867024253626725e-05, -1.3644139437841673e-06, 0.000383148430069679], [-3.3014624743057324e-08, 0.0009685619473114215, 0.002193313563875204, 2.7867024253626725e-05, 0.0007610911205388648, 0.0014377870375471094, -0.000613365667638507], [-4.173391548957794e-08, 0.00215535309712818, -0.0011720817166352981, -1.3644139437841673e-06, 0.0014377870375471094, -0.0002710839238149562, 0.0002572976725095282], [-7.02433133215335e-08, -0.0007894642519645147, 0.0005872228445749248, 0.000383148430069679, -0.000613365667638507, 0.0002572976725095282, -0.000490352088338378]], [[0.07450210800964746, 1.8026050239016817e-08, -1.547570771757907e-09, 3.852876838199577e-08, -6.930124526499265e-09, 5.2535901299589975e-08, 2.2086606753064414e-08], [1.8026050239016817e-08, 0.061916424481707116, -0.0007807771067413762, -0.0001713221109227716, 0.010509536355836213, -0.0031545006818302266, 0.002261807389288157], [-1.547570771757907e-09, -0.0007807771067413762, 0.07116964416990221, -0.0003240394583004192, 0.0034894269592159635, 0.012551653623956695, -0.005729274143328056], [3.852876838199577e-08, -0.0001713221109227716, -0.0003240394583004192, 0.06206349281375559, -0.0011462592510312437, 0.004502462749147131, 0.010309084594464574], [-6.930124526499265e-09, 0.010509536355836213, 0.0034894269592159635, -0.0011462592510312437, 0.04905539926202113, 0.0016166615149151632, -0.0005076873795936311], [5.2535901299589975e-08, -0.0031545006818302266, 0.012551653623956695, 0.004502462749147131, 0.0016166615149151632, 0.05204854101162455, -0.0013876097823129429], [2.2086606753064414e-08, 0.002261807389288157, -0.005729274143328056, 0.010309084594464574, -0.0005076873795936311, -0.0013876097823129429, 0.04887988896288745]], [[-1.1261255936743551e-07, -1.8422194778830314e-07, 3.5139674815292655e-08, 6.094091134926256e-08, -1.2202343937685635e-07, 5.827826693900695e-08, -8.639004383666184e-09], [-1.8422194778830314e-07, 0.0001251575468310792, -0.00017196722611728313, 0.0004287387211100906, 2.7765988756725383e-05, -1.4027954497950635e-06, 0.00038316098510908617], [3.5139674815292655e-08, -0.00017196722611728313, -0.00032403671951444096, 0.005967582727175907, -0.00042160243392422504, 0.0008799652195825734, 0.0024186612715419486], [6.094091134926256e-08, 0.0004287387211100906, 0.005967582727175907, 0.00019826778780271024, 0.0010564988292604824, 0.002269634798897067, -0.0007693006944933815], [-1.2202343937685635e-07, 2.7765988756725383e-05, -0.00042160243392422504, 0.0010564988292604824, -3.166817308285398e-05, 0.0001138635648454573, 0.00018290993901767975], [5.827826693900695e-08, -1.4027954497950635e-06, 0.0008799652195825734, 0.002269634798897067, 0.0001138635648454573, 0.0012876731931734987, 0.000962226577770346], [-8.639004383666184e-09, 0.00038316098510908617, 0.0024186612715419486, -0.0007693006944933815, 0.00018290993901767975, 0.000962226577770346, -0.0012564986741517836]], [[0.005563405090053317, -5.7897546017445154e-08, 8.752649628386374e-08, -2.2386084151115932e-08, -1.4665466565851019e-08, 1.5607041751917128e-08, -4.02482576446586e-08], [-5.7897546017445154e-08, 0.0034608322459099873, 0.0021933132571828797, 2.7900547410576416e-05, 0.0026389928762323095, 0.001019009730647281, -0.0002226003068327929], [8.752649628386374e-08, 0.0021933132571828797, 0.0034894200708513847, -0.00042160323550418483, 0.002767269483276628, 0.0023249979569882756, -0.0010203667323248763], [-2.2386084151115932e-08, 2.7900547410576416e-05, -0.00042160323550418483, 0.0035482719581891153, -0.0002341739464889308, 0.0007845135396838997, 0.002105219103806748], [-1.4665466565851019e-08, 0.0026389928762323095, 0.002767269483276628, -0.0002341739464889308, 0.0006407933217803163, -0.00015852518944931284, 3.522361165899642e-05], [1.5607041751917128e-08, 0.001019009730647281, 0.0023249979569882756, 0.0007845135396838997, -0.00015852518944931284, -7.472274029673905e-05, 0.00019986809656763815], [-4.02482576446586e-08, -0.0002226003068327929, -0.0010203667323248763, 0.002105219103806748, 3.522361165899642e-05, 0.00019986809656763815, 0.0007061904609978744]], [[0.01712734781380605, -1.2062462448874608e-07, 5.320967581091795e-09, 5.672393270260598e-08, -8.874341335372152e-08, 2.033576910243101e-08, 8.919157591734943e-09], [-1.2062462448874608e-07, 0.009827020734091738, -0.0011720825943548371, -9.326565664929784e-07, 0.0063908368282063165, -0.0019712797989006633, 0.0014920920187880577], [5.320967581091795e-09, -0.0011720825943548371, 0.0125516503605585, 0.0008799621433969923, 0.0023249992159305576, 0.009343706580616491, -0.003162117356083009], [5.672393270260598e-08, -9.326565664929784e-07, 0.0008799621433969923, 0.009941060289161875, -0.0003553119863346537, 0.003506512371869995, 0.0059167806396011715], [-8.874341335372152e-08, 0.0063908368282063165, 0.0023249992159305576, -0.0003553119863346537, 0.0012350248125348148, -0.0005276269987327599, 0.0001998161346342274], [2.033576910243101e-08, -0.0019712797989006633, 0.009343706580616491, 0.003506512371869995, -0.0005276269987327599, 0.0011183579561566046, 0.0001513471760510597], [8.919157591734943e-09, 0.0014920920187880577, -0.003162117356083009, 0.0059167806396011715, 0.0001998161346342274, 0.0001513471760510597, 0.0015634459114673436]], [[-0.007352428494492339, -1.0680903429427211e-07, 1.0810014278444455e-07, -1.1223896980556164e-07, -4.609396066674581e-08, 2.3403180948236178e-08, -1.1462504129839016e-07], [-1.0680903429427211e-07, -0.00408290893336391, 0.0005872219708731164, 0.0003830114759771946, -0.0026890066120161585, 0.0009983034770121267, -0.0006676803914214903], [1.0810014278444455e-07, 0.0005872219708731164, -0.005729275392700972, 0.0024186603404085473, -0.0010203675864320228, -0.0031621176896732077, 0.0033986094334349], [-1.1223896980556164e-07, 0.0003830114759771946, 0.0024186603404085473, -0.004062595488158042, 0.0007553080682992904, 0.00025453986231863145, -0.0032726336957035274], [-4.609396066674581e-08, -0.0026890066120161585, -0.0010203675864320228, 0.0007553080682992904, -0.000563004970693328, 0.00019973234216282018, 0.0002536404349485958], [2.3403180948236178e-08, 0.0009983034770121267, -0.0031621176896732077, 0.00025453986231863145, 0.00019973234216282018, -0.00044709518407016585, 0.0001694687844116526], [-1.1462504129839016e-07, -0.0006676803914214903, 0.0033986094334349, -0.0032726336957035274, 0.0002536404349485958, 0.0001694687844116526, -0.0006717804003468992]]], [[[2.9693655553618624e-08, 1.2302024094291503e-07, 3.415919867725857e-08, 0.02122606612814721, -0.0009757954673740803, 0.004876714506789798, 0.010621805764653323], [1.2302024094291503e-07, -2.700699900167479e-07, -5.4613681556147615e-08, -2.544463418549073e-07, -1.8136436942596262e-07, -1.678156098650091e-08, -1.6831661098002143e-07], [3.415919867725857e-08, -5.4613681556147615e-08, 3.92611290191998e-08, 6.105548108570075e-08, -2.1965934175614373e-08, 5.7664052524892675e-08, -1.1239815958974278e-07], [0.02122606612814721, -2.544463418549073e-07, 6.105548108570075e-08, 1.4011591343474541e-07, -1.5213240565443752e-07, 1.3880659943287138e-07, -4.741017602355223e-09], [-0.0009757954673740803, -1.8136436942596262e-07, -2.1965934175614373e-08, -1.5213240565443752e-07, -9.521387609422913e-08, -2.1261363284806326e-08, -1.5288784979998828e-07], [0.004876714506789798, -1.678156098650091e-08, 5.7664052524892675e-08, 1.3880659943287138e-07, -2.1261363284806326e-08, 5.873883538331762e-08, 2.443479383605404e-08], [0.010621805764653323, -1.6831661098002143e-07, -1.1239815958974278e-07, -4.741017602355223e-09, -1.5288784979998828e-07, 2.443479383605404e-08, -4.0843509925180615e-08]], [[2.4981583865079753e-08, -7.285646994272873e-08, -3.8703819893771344e-08, -2.548164001566195e-07, -5.125873937919921e-08, -7.395307695430501e-08, -1.936937830847149e-07], [-7.285646994272873e-08, 0.00017699511229525322, 0.00012524400644145232, 0.004355874214295013, 5.629084963379921e-05, 0.0005955801443114769, 0.0011646039481058332], [-3.8703819893771344e-08, 0.00012524400644145232, -0.00017132078646544413, 0.00042873707437595906, 2.7901163618499618e-05, -9.322040119409337e-07, 0.0003830082009529801], [-2.548164001566195e-07, 0.004355874214295013, 0.00042873707437595906, -5.512604298564283e-06, 0.0013373620429839301, 5.816529016295193e-06, 0.00011533793667483784], [-5.125873937919921e-08, 5.629084963379921e-05, 2.7901163618499618e-05, 0.0013373620429839301, -0.0005208859750505865, 0.0010366364518485933, 0.002075580059992831], [-7.395307695430501e-08, 0.0005955801443114769, -9.322040119409337e-07, 5.816529016295193e-06, 0.0010366364518485933, -0.0005645101780934205, -0.000533114864278057], [-1.936937830847149e-07, 0.0011646039481058332, 0.0003830082009529801, 0.00011533793667483784, 0.002075580059992831, -0.000533114864278057, 0.0010853822339640421]], [[-1.1261255936743551e-07, -1.8422194778830314e-07, 3.5139674815292655e-08, 6.094091134926256e-08, -1.2202343937685635e-07, 5.827826693900695e-08, -8.639004383666184e-09], [-1.8422194778830314e-07, 0.0001251575468310792, -0.00017196722611728313, 0.0004287387211100906, 2.7765988756725383e-05, -1.4027954497950635e-06, 0.00038316098510908617], [3.5139674815292655e-08, -0.00017196722611728313, -0.00032403671951444096, 0.005967582727175907, -0.00042160243392422504, 0.0008799652195825734, 0.0024186612715419486], [6.094091134926256e-08, 0.0004287387211100906, 0.005967582727175907, 0.00019826778780271024, 0.0010564988292604824, 0.002269634798897067, -0.0007693006944933815], [-1.2202343937685635e-07, 2.7765988756725383e-05, -0.00042160243392422504, 0.0010564988292604824, -3.166817308285398e-05, 0.0001138635648454573, 0.00018290993901767975], [5.827826693900695e-08, -1.4027954497950635e-06, 0.0008799652195825734, 0.002269634798897067, 0.0001138635648454573, 0.0012876731931734987, 0.000962226577770346], [-8.639004383666184e-09, 0.00038316098510908617, 0.0024186612715419486, -0.0007693006944933815, 0.00018290993901767975, 0.000962226577770346, -0.0012564986741517836]], [[0.07450118712775308, -8.903304027249362e-08, -1.1430193466955401e-07, 1.40114754416785e-07, -6.206894773660243e-08, 1.1691573793415975e-07, 1.4179970694918581e-07], [-8.903304027249362e-08, 0.0604506861829312, 0.0004285270634516498, -5.511382521221081e-06, 0.009653694526650514, -0.0019767411811336456, 0.0017894481729185691], [-1.1430193466955401e-07, 0.0004285270634516498, 0.06206348424805394, 0.0001982640136254357, 0.0035482716188397915, 0.009941046595288798, -0.004062591146129078], [1.40114754416785e-07, -5.511382521221081e-06, 0.0001982640136254357, 0.07263316485324717, -0.0012393909701652055, 0.006540403880866814, 0.013877158250605096], [-6.206894773660243e-08, 0.009653694526650514, 0.0035482716188397915, -0.0012393909701652055, 0.04912075200376226, -0.0005504569366415919, -7.563804044230326e-05], [1.1691573793415975e-07, -0.0019767411811336456, 0.009941046595288798, 0.006540403880866814, -0.0005504569366415919, 0.049100792199555585, 0.0013111827877389471], [1.4179970694918581e-07, 0.0017894481729185691, -0.004062591146129078, 0.013877158250605096, -7.563804044230326e-05, 0.0013111827877389471, 0.05176191465291141]], [[-0.0016184473358579368, -5.38561662606882e-08, -4.8258154749523345e-09, -1.5229580955505164e-07, -3.614117552877291e-08, -3.6361603331928185e-08, -1.6447505690008396e-07], [-5.38561662606882e-08, -0.0006687209821008775, 2.7866934046047424e-05, 0.0013373543145610534, -0.0007321081434254484, 0.0008340608810700557, 0.0013826934789741598], [-4.8258154749523345e-09, 2.7866934046047424e-05, -0.0011462630503328746, 0.0010565004279867733, -0.0002341742694712651, -0.0003553123784211078, 0.0007553078263190197], [-1.5229580955505164e-07, 0.0013373543145610534, 0.0010565004279867733, -0.0012393916412989866, 0.0020106809262751485, -0.0002803182135587066, -0.0007444706642363202], [-3.614117552877291e-08, -0.0007321081434254484, -0.0002341742694712651, 0.0020106809262751485, 7.237993755713576e-05, -0.00025284924853861897, -0.00030354414069987644], [-3.6361603331928185e-08, 0.0008340608810700557, -0.0003553123784211078, -0.0002803182135587066, -0.00025284924853861897, 4.8969013401354636e-05, 0.00029589500512449134], [-1.6447505690008396e-07, 0.0013826934789741598, 0.0007553078263190197, -0.0007444706642363202, -0.00030354414069987644, 0.00029589500512449134, -0.0004917056557331708]], [[0.008087590671396246, -9.50209220626416e-08, 1.302120677000053e-08, 1.3859955772267434e-07, -4.613484421151179e-08, 1.0166220993427531e-07, 7.967165436067219e-08], [-9.50209220626416e-08, 0.004218050077834917, -1.3636305500354899e-06, 5.820741865151364e-06, 0.003076047665886065, -0.0008789503657660043, 0.0002809077755017228], [1.302120677000053e-08, -1.3636305500354899e-06, 0.004502466286294773, 0.002269631705629235, 0.0007845142594670024, 0.0035065122116575724, 0.0002545400951341495], [1.3859955772267434e-07, 5.820741865151364e-06, 0.002269631705629235, 0.006540406883420324, -0.0002803177979782491, 0.0036722764902851167, 0.003608022035432962], [-4.613484421151179e-08, 0.003076047665886065, 0.0007845142594670024, -0.0002803177979782491, 0.00040491622634007587, 0.00018050358212650273, 0.0002959198707000641], [1.0166220993427531e-07, -0.0008789503657660043, 0.0035065122116575724, 0.0036722764902851167, 0.00018050358212650273, 0.0007395908868440933, 0.00015066567963411808], [7.967165436067219e-08, 0.0002809077755017228, 0.0002545400951341495, 0.003608022035432962, 0.0002959198707000641, 0.00015066567963411808, 0.000704586314023157]], [[0.017615437067519727, -7.29043491949516e-08, -7.520421866578136e-08, -4.388465058287651e-09, -4.079765872026954e-08, 4.746352829320028e-08, 4.676869404612006e-08], [-7.29043491949516e-08, 0.009054528907419973, 0.00038315167399971886, 0.00011533700765975577, 0.006605358340276663, -0.0014153484822569346, 0.0016103988411771087], [-7.520421866578136e-08, 0.00038315167399971886, 0.010309091290455917, -0.0007692991094777643, 0.0021052198800015505, 0.005916778848497085, -0.0032726321684278994], [-4.388465058287651e-09, 0.00011533700765975577, -0.0007692991094777643, 0.01387715835552353, -0.0007444695900965469, 0.0036080218934886636, 0.00982596528973168], [-4.079765872026954e-08, 0.006605358340276663, 0.0021052198800015505, -0.0007444695900965469, 0.0011300781499630757, 0.00029617764245645447, -0.0003600951386975668], [4.746352829320028e-08, -0.0014153484822569346, 0.005916778848497085, 0.0036080218934886636, 0.00029617764245645447, 0.0015845406441662123, 4.6159869169479814e-05], [4.676869404612006e-08, 0.0016103988411771087, -0.0032726321684278994, 0.00982596528973168, -0.0003600951386975668, 4.6159869169479814e-05, 0.0013142750551069417]]], [[[1.2727143298319493e-07, 0.011196023786914361, 0.003354740886172041, -0.0009757861647503355, 0.007252629590113424, 4.66676503452514e-08, -1.5776787495334922e-07], [0.011196023786914361, 1.6923817794142625e-07, -3.273494837987087e-08, -5.123524629280374e-08, 1.3235480056955389e-08, -8.807156867146409e-08, -6.939707252825636e-08], [0.003354740886172041, -3.273494837987087e-08, -9.353174361709367e-09, -1.224578305100606e-07, -1.4723115324033165e-08, -8.982182614919646e-08, -4.5541701418376346e-08], [-0.0009757861647503355, -5.123524629280374e-08, -1.224578305100606e-07, -6.423442122155054e-08, -3.616446748890197e-08, -4.689631624254681e-08, -4.1916732112777214e-08], [0.007252629590113424, 1.3235480056955389e-08, -1.4723115324033165e-08, -3.616446748890197e-08, 1.0647116202102315e-07, -9.425765112247574e-09, -2.05448063083126e-08], [4.66676503452514e-08, -8.807156867146409e-08, -8.982182614919646e-08, -4.689631624254681e-08, -9.425765112247574e-09, -1.7463921953986297e-08, -4.7982603393847936e-08], [-1.5776787495334922e-07, -6.939707252825636e-08, -4.5541701418376346e-08, -4.1916732112777214e-08, -2.05448063083126e-08, -4.7982603393847936e-08, 5.949860108499022e-08]], [[0.018567836331512568, 1.2884952235571848e-07, -7.352617993221967e-08, -1.8160420610040093e-07, 1.4291274230230034e-08, -1.0124086937044953e-07, -3.4893243106945296e-08], [1.2884952235571848e-07, 0.014874701808038151, 0.0009685673707269883, 5.629426789615326e-05, 0.010731152822921248, -0.0020447892065027177, 0.0017644907471468414], [-7.352617993221967e-08, 0.0009685673707269883, 0.01050954751449202, 2.7765340515517926e-05, 0.002638995372453672, 0.006390837668364629, -0.002689006889092493], [-1.8160420610040093e-07, 5.629426789615326e-05, 2.7765340515517926e-05, 0.009653698863690724, -0.0007321076081415664, 0.0030760479134424755, 0.006605360559766], [1.4291274230230034e-08, 0.010731152822921248, 0.002638995372453672, -0.0007321076081415664, 0.0017456716366565364, 0.00023163753728706565, 0.00012930484723727188], [-1.0124086937044953e-07, -0.0020447892065027177, 0.006390837668364629, 0.0030760479134424755, 0.00023163753728706565, 0.0013729700639965076, -0.0001647099849460838], [-3.4893243106945296e-08, 0.0017644907471468414, -0.002689006889092493, 0.006605360559766, 0.00012930484723727188, -0.0001647099849460838, 0.0011275669812568277]], [[0.005563405090053317, -5.7897546017445154e-08, 8.752649628386374e-08, -2.2386084151115932e-08, -1.4665466565851019e-08, 1.5607041751917128e-08, -4.02482576446586e-08], [-5.7897546017445154e-08, 0.0034608322459099873, 0.0021933132571828797, 2.7900547410576416e-05, 0.0026389928762323095, 0.001019009730647281, -0.0002226003068327929], [8.752649628386374e-08, 0.0021933132571828797, 0.0034894200708513847, -0.00042160323550418483, 0.002767269483276628, 0.0023249979569882756, -0.0010203667323248763], [-2.2386084151115932e-08, 2.7900547410576416e-05, -0.00042160323550418483, 0.0035482719581891153, -0.0002341739464889308, 0.0007845135396838997, 0.002105219103806748], [-1.4665466565851019e-08, 0.0026389928762323095, 0.002767269483276628, -0.0002341739464889308, 0.0006407933217803163, -0.00015852518944931284, 3.522361165899642e-05], [1.5607041751917128e-08, 0.001019009730647281, 0.0023249979569882756, 0.0007845135396838997, -0.00015852518944931284, -7.472274029673905e-05, 0.00019986809656763815], [-4.02482576446586e-08, -0.0002226003068327929, -0.0010203667323248763, 0.002105219103806748, 3.522361165899642e-05, 0.00019986809656763815, 0.0007061904609978744]], [[-0.0016184473358579368, -5.38561662606882e-08, -4.8258154749523345e-09, -1.5229580955505164e-07, -3.614117552877291e-08, -3.6361603331928185e-08, -1.6447505690008396e-07], [-5.38561662606882e-08, -0.0006687209821008775, 2.7866934046047424e-05, 0.0013373543145610534, -0.0007321081434254484, 0.0008340608810700557, 0.0013826934789741598], [-4.8258154749523345e-09, 2.7866934046047424e-05, -0.0011462630503328746, 0.0010565004279867733, -0.0002341742694712651, -0.0003553123784211078, 0.0007553078263190197], [-1.5229580955505164e-07, 0.0013373543145610534, 0.0010565004279867733, -0.0012393916412989866, 0.0020106809262751485, -0.0002803182135587066, -0.0007444706642363202], [-3.614117552877291e-08, -0.0007321081434254484, -0.0002341742694712651, 0.0020106809262751485, 7.237993755713576e-05, -0.00025284924853861897, -0.00030354414069987644], [-3.6361603331928185e-08, 0.0008340608810700557, -0.0003553123784211078, -0.0002803182135587066, -0.00025284924853861897, 4.8969013401354636e-05, 0.00029589500512449134], [-1.6447505690008396e-07, 0.0013826934789741598, 0.0007553078263190197, -0.0007444706642363202, -0.00030354414069987644, 0.00029589500512449134, -0.0004917056557331708]], [[0.053064186134800656, 1.0456391927858403e-07, 6.899982382149647e-08, -9.571649173802369e-08, 1.0696711947624077e-07, -5.363389751749765e-08, -6.62387081417635e-08], [1.0456391927858403e-07, 0.05180693802971649, 0.000761093794663296, -0.0005208858420582571, 0.001745677190195755, -0.00012827497187366382, 0.00043360549036390567], [6.899982382149647e-08, 0.000761093794663296, 0.04905541711894293, -3.166812645200719e-05, 0.000640795982644647, 0.0012350319774731037, -0.000563007598709139], [-9.571649173802369e-08, -0.0005208858420582571, -3.166812645200719e-05, 0.04912076296891646, 7.237934355171178e-05, 0.00040491863188057216, 0.0011300835741415859], [1.0696711947624077e-07, 0.001745677190195755, 0.000640795982644647, 7.237934355171178e-05, 0.0530291638211549, -0.00044944758166809515, -0.00036294317117324107], [-5.363389751749765e-08, -0.00012827497187366382, 0.0012350319774731037, 0.00040491863188057216, -0.00044944758166809515, 0.04927129757928833, 0.000284173861254696], [-6.62387081417635e-08, 0.00043360549036390567, -0.000563007598709139, 0.0011300835741415859, -0.00036294317117324107, 0.000284173861254696, 0.049193251165066065]], [[-8.283256783741558e-11, -5.964882273732942e-08, -1.1457302333029999e-08, -2.2131380508395855e-08, -9.484681261413654e-09, 5.628289068722573e-08, -1.7052487633692287e-08], [-5.964882273732942e-08, -0.0010662795550079691, 0.0014377871764066966, 0.0010366381505577226, 0.00023163339421176842, -0.00013779484179302946, -0.0001644237169910316], 