{"h1e": [[[0.12189066720794425, -0.01681707825545597, -0.006944784035089705, 0.0022148139384026845, -9.707858962280799e-07, 6.527946032152965e-07], [-0.01681707825545597, 0.24311869712769152, 0.007007611110919215, 0.01980397598349677, -1.3547450794758465e-06, 2.5182001814297117e-07], [-0.006944784035089705, 0.007007611110919215, 0.3216901793765891, -0.012309133449755523, -1.304138835007029e-06, 1.404493062371544e-06], [0.0022148139384026845, 0.01980397598349677, -0.012309133449755523, 0.3724417945371184, -1.7846529877985425e-06, -1.2737239581356928e-06], [-9.707858962280799e-07, -1.3547450794758465e-06, -1.304138835007029e-06, -1.7846529877985425e-06, 0.4424964471975744, -3.694277333742502e-07], [6.527946032152965e-07, 2.5182001814297117e-07, 1.404493062371544e-06, -1.2737239581356928e-06, -3.694277333742502e-07, 0.44249336102933895]]], "eri": [[[[[[0.025923347815335878, 0.000722136689587891, 0.0004830160744875359, 0.000514991536280033, 1.0185373165778357e-09, -7.02559854674375e-09], [0.000722136689587891, 0.023725671397584386, 0.00048405120554346267, 0.0007882797756733045, 2.1995277808593816e-08, -3.985028583403432e-08], [0.0004830160744875359, 0.00048405120554346267, 0.023155128208026773, 0.0012128579780666883, 3.745741067860081e-09, -4.1821520822605624e-08], [0.000514991536280033, 0.0007882797756733045, 0.0012128579780666883, 0.02319483653293371, 2.481288283023459e-08, -2.30870007781291e-08], [1.0185373165778357e-09, 2.1995277808593816e-08, 3.745741067860081e-09, 2.481288283023459e-08, 0.02447980840393672, -1.2972448876486694e-08], [-7.02559854674375e-09, -3.985028583403432e-08, -4.1821520822605624e-08, -2.30870007781291e-08, -1.2972448876486694e-08, 0.024479896323595266]], [[0.000722136689587891, 0.0050001892646055245, 0.0009316534288397976, 0.00032148403299357166, -2.1973703537961783e-09, -1.2460824714394268e-08], [0.0050001892646055245, 0.011495909613259733, -0.00018195463034458413, -0.004722797837832475, -6.878140906141786e-08, 7.146859578884414e-08], [0.0009316534288397976, -0.00018195463034458413, 0.002443102515293612, 0.0052707618287647804, -1.1612990584435058e-08, 1.2971078952665485e-10], [0.00032148403299357166, -0.004722797837832475, 0.0052707618287647804, 0.008779606328255016, 9.157465006726102e-09, -1.626496445900138e-08], [-2.1973703537961783e-09, -6.878140906141786e-08, -1.1612990584435058e-08, 9.157465006726102e-09, 0.0066663394892082575, -9.945806575824465e-09], [-1.2460824714394268e-08, 7.146859578884414e-08, 1.2971078952665485e-10, -1.626496445900138e-08, -9.945806575824465e-09, 0.006666289345725866]], [[0.0004830160744875359, 0.0009316534288397976, 0.004212967106792984, 0.0005492516243149967, 1.1758065066452659e-08, -1.715513070671647e-08], [0.0009316534288397976, 0.0007756858750846604, 0.0022845187068277805, 0.005107836089999417, -1.8133293891013633e-08, 1.2456305047923937e-08], [0.004212967106792984, 0.0022845187068277805, 0.0016767456901775714, 0.0018203638099748372, -5.269147846796726e-08, 3.36782258962321e-08], [0.0005492516243149967, 0.005107836089999417, 0.0018203638099748372, 0.0009183831412116789, -7.188378781786635e-08, 4.856426901345754e-08], [1.1758065066452659e-08, -1.8133293891013633e-08, -5.269147846796726e-08, -7.188378781786635e-08, 0.006701559163161342, -1.8289560764521061e-09], [-1.715513070671647e-08, 1.2456305047923937e-08, 3.36782258962321e-08, 4.856426901345754e-08, -1.8289560764521061e-09, 0.006701454567373858]], [[0.000514991536280033, 0.00032148403299357166, 0.0005492516243149967, 0.0033214459403175496, 4.3318709274796726e-09, 3.6859658610828257e-09], [0.00032148403299357166, -0.0023643599588320094, 0.003160904568883565, 0.004930599755558375, 1.8000245011622987e-08, -3.7191802204882972e-09], [0.0005492516243149967, 0.003160904568883565, 0.0010429826546977704, -1.6266156437375725e-05, -4.418130901980074e-08, 3.9545123052065895e-08], [0.0033214459403175496, 0.004930599755558375, -1.6266156437375725e-05, -0.0016710662323987909, -5.943527436396542e-08, 7.729760626108194e-08], [4.3318709274796726e-09, 1.8000245011622987e-08, -4.418130901980074e-08, -5.943527436396542e-08, 0.004340384935364187, 3.566487980309162e-08], [3.6859658610828257e-09, -3.7191802204882972e-09, 3.9545123052065895e-08, 7.729760626108194e-08, 3.566487980309162e-08, 0.004340280602365233]], [[1.0185373165778357e-09, -2.1973703537961783e-09, 1.1758065066452659e-08, 4.3318709274796726e-09, 0.003515254405695897, 3.9793139371587715e-08], [-2.1973703537961783e-09, -3.0183668755215185e-08, -1.4177457090686875e-08, 1.3477230658397086e-08, 0.0036136877174595115, 8.786007553596805e-08], [1.1758065066452659e-08, -1.4177457090686875e-08, -6.168912469641396e-09, -4.501107268463128e-08, 0.003425506438393442, 6.893293997982575e-08], [4.3318709274796726e-09, 1.3477230658397086e-08, -4.501107268463128e-08, -5.7076407245282995e-08, 0.003842664442658557, 9.796564228188878e-08], [0.003515254405695897, 0.0036136877174595115, 0.003425506438393442, 0.003842664442658557, -0.0034905621964451657, 0.002987286659440623], [3.9793139371587715e-08, 8.786007553596805e-08, 6.893293997982575e-08, 9.796564228188878e-08, 0.002987286659440623, 0.003490852931520179]], [[-7.02559854674375e-09, -1.2460824714394268e-08, -1.715513070671647e-08, 3.6859658610828257e-09, 3.9793139371587715e-08, 0.0035151822881453105], [-1.2460824714394268e-08, 9.935704973184546e-09, 1.0906816073177713e-08, 1.1275207114186182e-08, 8.409624724694532e-08, 0.0036134604425610713], [-1.715513070671647e-08, 1.0906816073177713e-08, -4.588293142953892e-09, 2.5570762770194355e-08, 6.325754362810982e-08, 0.003425281567499339], [3.6859658610828257e-09, 1.1275207114186182e-08, 2.5570762770194355e-08, 3.453124336137568e-08, 1.0373742594758466e-07, 0.0038423631800226666], [3.9793139371587715e-08, 8.409624724694532e-08, 6.325754362810982e-08, 1.0373742594758466e-07, 0.0029869301532493594, 0.003490769021260654], [0.0035151822881453105, 0.0036134604425610713, 0.003425281567499339, 0.0038423631800226666, 0.003490769021260654, -0.002987134263108979]]], [[[0.000722136689587891, 0.0050001892646055245, 0.0009316534288397976, 0.00032148403299357166, -2.1973703537961783e-09, -1.2460824714394268e-08], [0.0050001892646055245, 0.011495909613259733, -0.00018195463034458413, -0.004722797837832475, -6.878140906141786e-08, 7.146859578884414e-08], [0.0009316534288397976, -0.00018195463034458413, 0.002443102515293612, 0.0052707618287647804, -1.1612990584435058e-08, 1.2971078952665485e-10], [0.00032148403299357166, -0.004722797837832475, 0.0052707618287647804, 0.008779606328255016, 9.157465006726102e-09, -1.626496445900138e-08], [-2.1973703537961783e-09, -6.878140906141786e-08, -1.1612990584435058e-08, 9.157465006726102e-09, 0.0066663394892082575, -9.945806575824465e-09], [-1.2460824714394268e-08, 7.146859578884414e-08, 1.2971078952665485e-10, -1.626496445900138e-08, -9.945806575824465e-09, 0.006666289345725866]], [[0.023725671397584386, 0.011495909613259733, 0.0007756858750846604, -0.0023643599588320094, -3.0183668755215185e-08, 9.935704973184546e-09], [0.011495909613259733, 0.061193559589018634, -0.004674987372660758, -0.023627592085417863, -2.6376917678991753e-07, 2.636252387905877e-07], [0.0007756858750846604, -0.004674987372660758, 0.02616822448756871, 0.01489789734987737, -7.626103284406772e-09, 2.3762573980510337e-08], [-0.0023643599588320094, -0.023627592085417863, 0.01489789734987737, 0.051394204021328944, 8.040561152604656e-08, -3.594482983977743e-08], [-3.0183668755215185e-08, -2.6376917678991753e-07, -7.626103284406772e-09, 8.040561152604656e-08, 0.03469456064710407, 2.0347825550692404e-08], [9.935704973184546e-09, 2.636252387905877e-07, 2.3762573980510337e-08, -3.594482983977743e-08, 2.0347825550692404e-08, 0.0346943233725305]], [[0.00048405120554346267, -0.00018195463034458413, 0.0022845187068277805, 0.003160904568883565, -1.4177457090686875e-08, 1.0906816073177713e-08], [-0.00018195463034458413, -0.004674987372660758, 0.005830850091470876, 0.010903072129539167, -2.600664910609341e-08, 3.008434271716025e-08], [0.0022845187068277805, 0.005830850091470876, 0.0015721339084389925, 3.6263398919215886e-05, -1.219393591845084e-07, 7.570928708057314e-08], [0.003160904568883565, 0.010903072129539167, 3.6263398919215886e-05, -0.0031253193401954735, -1.5838719227848673e-07, 1.5519016522678724e-07], [-1.4177457090686875e-08, -2.600664910609341e-08, -1.219393591845084e-07, -1.5838719227848673e-07, 0.008340445013334674, 1.5367775769257092e-08], [1.0906816073177713e-08, 3.008434271716025e-08, 7.570928708057314e-08, 1.5519016522678724e-07, 1.5367775769257092e-08, 0.008340154010757515]], [[0.0007882797756733045, -0.004722797837832475, 0.005107836089999417, 0.004930599755558375, 1.3477230658397086e-08, 1.1275207114186182e-08], [-0.004722797837832475, -0.023627592085417863, 0.010903072129539167, 0.03038083123499666, 7.824341695701306e-08, -1.6774357867120453e-08], [0.005107836089999417, 0.010903072129539167, 0.0016553808405133255, -0.005372508329791434, -1.870837574326278e-07, 1.6614353377501565e-07], [0.004930599755558375, 0.03038083123499666, -0.005372508329791434, -0.017297663739224884, -3.0341152268983994e-07, 2.978671174799289e-07], [1.3477230658397086e-08, 7.824341695701306e-08, -1.870837574326278e-07, -3.0341152268983994e-07, 0.010564411356523157, 6.355303191864066e-08], [1.1275207114186182e-08, -1.6774357867120453e-08, 1.6614353377501565e-07, 2.978671174799289e-07, 6.355303191864066e-08, 0.010564009035770885]], [[2.1995277808593816e-08, -6.878140906141786e-08, -1.8133293891013633e-08, 1.8000245011622987e-08, 0.0036136877174595115, 8.409624724694532e-08], [-6.878140906141786e-08, -2.6376917678991753e-07, -2.600664910609341e-08, 7.824341695701306e-08, 0.011035157220628469, 1.7890865937257531e-07], [-1.8133293891013633e-08, -2.600664910609341e-08, -6.911251786055024e-08, -2.0634962325175204e-07, 0.008475219972815284, 1.712054885427173e-07], [1.8000245011622987e-08, 7.824341695701306e-08, -2.0634962325175204e-07, -3.196159985071941e-07, 0.010357293653348637, 2.55136694382684e-07], [0.0036136877174595115, 0.011035157220628469, 0.008475219972815284, 0.010357293653348637, -0.008869090895873222, 0.007590205214218051], [8.409624724694532e-08, 1.7890865937257531e-07, 1.712054885427173e-07, 2.55136694382684e-07, 0.007590205214218051, 0.00886943947163854]], [[-3.985028583403432e-08, 7.146859578884414e-08, 1.2456305047923937e-08, -3.7191802204882972e-09, 8.786007553596805e-08, 0.0036134604425610713], [7.146859578884414e-08, 2.636252387905877e-07, 3.008434271716025e-08, -1.6774357867120453e-08, 1.7890865937257531e-07, 0.011034490001533242], [1.2456305047923937e-08, 3.008434271716025e-08, 4.565317122379713e-08, 1.6961721063636442e-07, 1.7448820275991731e-07, 0.008474517284729139], [-3.7191802204882972e-09, -1.6774357867120453e-08, 1.6961721063636442e-07, 2.8423819879726583e-07, 2.597166902771774e-07, 0.010356310670380665], [8.786007553596805e-08, 1.7890865937257531e-07, 1.7448820275991731e-07, 2.597166902771774e-07, 0.007589200080618033, 0.008869300970570508], [0.0036134604425610713, 0.011034490001533242, 0.008474517284729139, 0.010356310670380665, 0.008869300970570508, -0.00758944134272789]]], [[[0.0004830160744875359, 0.0009316534288397976, 0.004212967106792984, 0.0005492516243149967, 1.1758065066452659e-08, -1.715513070671647e-08], [0.0009316534288397976, 0.0007756858750846604, 0.0022845187068277805, 0.005107836089999417, -1.8133293891013633e-08, 1.2456305047923937e-08], [0.004212967106792984, 0.0022845187068277805, 0.0016767456901775714, 0.0018203638099748372, -5.269147846796726e-08, 3.36782258962321e-08], [0.0005492516243149967, 0.005107836089999417, 0.0018203638099748372, 0.0009183831412116789, -7.188378781786635e-08, 4.856426901345754e-08], [1.1758065066452659e-08, -1.8133293891013633e-08, -5.269147846796726e-08, -7.188378781786635e-08, 0.006701559163161342, -1.8289560764521061e-09], [-1.715513070671647e-08, 1.2456305047923937e-08, 3.36782258962321e-08, 4.856426901345754e-08, -1.8289560764521061e-09, 0.006701454567373858]], [[0.00048405120554346267, -0.00018195463034458413, 0.0022845187068277805, 0.003160904568883565, -1.4177457090686875e-08, 1.0906816073177713e-08], [-0.00018195463034458413, -0.004674987372660758, 0.005830850091470876, 0.010903072129539167, -2.600664910609341e-08, 3.008434271716025e-08], [0.0022845187068277805, 0.005830850091470876, 0.0015721339084389925, 3.6263398919215886e-05, -1.219393591845084e-07, 7.570928708057314e-08], [0.003160904568883565, 0.010903072129539167, 3.6263398919215886e-05, -0.0031253193401954735, -1.5838719227848673e-07, 1.5519016522678724e-07], [-1.4177457090686875e-08, -2.600664910609341e-08, -1.219393591845084e-07, -1.5838719227848673e-07, 0.008340445013334674, 1.5367775769257092e-08], [1.0906816073177713e-08, 3.008434271716025e-08, 7.570928708057314e-08, 1.5519016522678724e-07, 1.5367775769257092e-08, 0.008340154010757515]], [[0.023155128208026773, 0.002443102515293612, 0.0016767456901775714, 0.0010429826546977704, -6.168912469641396e-09, -4.588293142953892e-09], [0.002443102515293612, 0.02616822448756871, 0.0015721339084389925, 0.0016553808405133255, -6.911251786055024e-08, 4.565317122379713e-08], [0.0016767456901775714, 0.0015721339084389925, 0.02520288401923908, 0.0033027136720058265, -5.9468387118140365e-08, 6.003521997796798e-08], [0.0010429826546977704, 0.0016553808405133255, 0.0033027136720058265, 0.02519313776046247, -7.458344154868076e-08, 5.5670727485821827e-08], [-6.168912469641396e-09, -6.911251786055024e-08, -5.9468387118140365e-08, -7.458344154868076e-08, 0.02931330265667897, 2.2511893087229616e-08], [-4.588293142953892e-09, 4.565317122379713e-08, 6.003521997796798e-08, 5.5670727485821827e-08, 2.2511893087229616e-08, 0.029313129632060196]], [[0.0012128579780666883, 0.0052707618287647804, 0.0018203638099748372, -1.6266156437375725e-05, -4.501107268463128e-08, 2.5570762770194355e-08], [0.0052707618287647804, 0.01489789734987737, 3.6263398919215886e-05, -0.005372508329791434, -2.0634962325175204e-07, 1.6961721063636442e-07], [0.0018203638099748372, 3.6263398919215886e-05, 0.0033027136720058265, 0.00707986476564873, -1.1289825690287416e-07, 8.739695834797566e-08], [-1.6266156437375725e-05, -0.005372508329791434, 0.00707986476564873, 0.012170350260950613, -9.632653274004657e-08, 1.0065785703898388e-07], [-4.501107268463128e-08, -2.0634962325175204e-07, -1.1289825690287416e-07, -9.632653274004657e-08, 0.010118017800475766, 2.6068019952367167e-08], [2.5570762770194355e-08, 1.6961721063636442e-07, 8.739695834797566e-08, 1.0065785703898388e-07, 2.6068019952367167e-08, 0.010117595589566208]], [[3.745741067860081e-09, -1.1612990584435058e-08, -5.269147846796726e-08, -4.418130901980074e-08, 0.003425506438393442, 6.325754362810982e-08], [-1.1612990584435058e-08, -7.626103284406772e-09, -1.219393591845084e-07, -1.870837574326278e-07, 0.008475219972815284, 1.7448820275991731e-07], [-5.269147846796726e-08, -1.219393591845084e-07, -5.9468387118140365e-08, -1.1289825690287416e-07, 0.007441831326551589, 7.732440086264008e-08], [-4.418130901980074e-08, -1.870837574326278e-07, -1.1289825690287416e-07, -1.1100416365857176e-07, 0.00819958418019082, 6.664397676606213e-08], [0.003425506438393442, 0.008475219972815284, 0.007441831326551589, 0.00819958418019082, -0.0072640755836559, 0.006216203881440027], [6.325754362810982e-08, 1.7448820275991731e-07, 7.732440086264008e-08, 6.664397676606213e-08, 0.006216203881440027, 0.007264172589873898]], [[-4.1821520822605624e-08, 1.2971078952665485e-10, 3.36782258962321e-08, 3.9545123052065895e-08, 6.893293997982575e-08, 0.003425281567499339], [1.2971078952665485e-10, 2.3762573980510337e-08, 7.570928708057314e-08, 1.6614353377501565e-07, 1.712054885427173e-07, 0.008474517284729139], [3.36782258962321e-08, 7.570928708057314e-08, 6.003521997796798e-08, 8.739695834797566e-08, 7.732440086264008e-08, 0.007441307404594108], [3.9545123052065895e-08, 1.6614353377501565e-07, 8.739695834797566e-08, 8.404483651267586e-08, 8.762185738091042e-08, 0.008198940967837966], [6.893293997982575e-08, 1.712054885427173e-07, 7.732440086264008e-08, 8.762185738091042e-08, 0.006216024396938292, 0.007264101544785018], [0.003425281567499339, 0.008474517284729139, 0.007441307404594108, 0.008198940967837966, 0.007264101544785018, -0.00621618752435537]]], [[[0.000514991536280033, 0.00032148403299357166, 0.0005492516243149967, 0.0033214459403175496, 4.3318709274796726e-09, 3.6859658610828257e-09], [0.00032148403299357166, -0.0023643599588320094, 0.003160904568883565, 0.004930599755558375, 1.8000245011622987e-08, -3.7191802204882972e-09], [0.0005492516243149967, 0.003160904568883565, 0.0010429826546977704, -1.6266156437375725e-05, -4.418130901980074e-08, 3.9545123052065895e-08], [0.0033214459403175496, 0.004930599755558375, -1.6266156437375725e-05, -0.0016710662323987909, -5.943527436396542e-08, 7.729760626108194e-08], [4.3318709274796726e-09, 1.8000245011622987e-08, -4.418130901980074e-08, -5.943527436396542e-08, 0.004340384935364187, 3.566487980309162e-08], [3.6859658610828257e-09, -3.7191802204882972e-09, 3.9545123052065895e-08, 7.729760626108194e-08, 3.566487980309162e-08, 0.004340280602365233]], [[0.0007882797756733045, -0.004722797837832475, 0.005107836089999417, 0.004930599755558375, 1.3477230658397086e-08, 1.1275207114186182e-08], [-0.004722797837832475, -0.023627592085417863, 0.010903072129539167, 0.03038083123499666, 7.824341695701306e-08, -1.6774357867120453e-08], [0.005107836089999417, 0.010903072129539167, 0.0016553808405133255, -0.005372508329791434, -1.870837574326278e-07, 1.6614353377501565e-07], [0.004930599755558375, 0.03038083123499666, -0.005372508329791434, -0.017297663739224884, -3.0341152268983994e-07, 2.978671174799289e-07], [1.3477230658397086e-08, 7.824341695701306e-08, -1.870837574326278e-07, -3.0341152268983994e-07, 0.010564411356523157, 6.355303191864066e-08], [1.1275207114186182e-08, -1.6774357867120453e-08, 1.6614353377501565e-07, 2.978671174799289e-07, 6.355303191864066e-08, 0.010564009035770885]], [[0.0012128579780666883, 0.0052707618287647804, 0.0018203638099748372, -1.6266156437375725e-05, -4.501107268463128e-08, 2.5570762770194355e-08], [0.0052707618287647804, 0.01489789734987737, 3.6263398919215886e-05, -0.005372508329791434, -2.0634962325175204e-07, 1.6961721063636442e-07], [0.0018203638099748372, 3.6263398919215886e-05, 0.0033027136720058265, 0.00707986476564873, -1.1289825690287416e-07, 8.739695834797566e-08], [-1.6266156437375725e-05, -0.005372508329791434, 0.00707986476564873, 0.012170350260950613, -9.632653274004657e-08, 1.0065785703898388e-07], [-4.501107268463128e-08, -2.0634962325175204e-07, -1.1289825690287416e-07, -9.632653274004657e-08, 0.010118017800475766, 2.6068019952367167e-08], [2.5570762770194355e-08, 1.6961721063636442e-07, 8.739695834797566e-08, 1.0065785703898388e-07, 2.6068019952367167e-08, 0.010117595589566208]], [[0.02319483653293371, 0.008779606328255016, 0.0009183831412116789, -0.0016710662323987909, -5.7076407245282995e-08, 3.453124336137568e-08], [0.008779606328255016, 0.051394204021328944, -0.0031253193401954735, -0.017297663739224884, -3.196159985071941e-07, 2.8423819879726583e-07], [0.0009183831412116789, -0.0031253193401954735, 0.02519313776046247, 0.012170350260950613, -1.1100416365857176e-07, 8.404483651267586e-08], [-0.0016710662323987909, -0.017297663739224884, 0.012170350260950613, 0.04596898051146183, -3.0304964081470045e-08, 8.921710751330308e-08], [-5.7076407245282995e-08, -3.196159985071941e-07, -1.1100416365857176e-07, -3.0304964081470045e-08, 0.03373927594227887, 4.264024947064431e-08], [3.453124336137568e-08, 2.8423819879726583e-07, 8.404483651267586e-08, 8.921710751330308e-08, 4.264024947064431e-08, 0.03373876157588143]], [[2.481288283023459e-08, 9.157465006726102e-09, -7.188378781786635e-08, -5.943527436396542e-08, 0.003842664442658557, 1.0373742594758466e-07], [9.157465006726102e-09, 8.040561152604656e-08, -1.5838719227848673e-07, -3.0341152268983994e-07, 0.010357293653348637, 2.597166902771774e-07], [-7.188378781786635e-08, -1.5838719227848673e-07, -7.458344154868076e-08, -9.632653274004657e-08, 0.00819958418019082, 8.762185738091042e-08], [-5.943527436396542e-08, -3.0341152268983994e-07, -9.632653274004657e-08, -3.0304964081470045e-08, 0.010446974828249455, 4.7690443141650456e-08], [0.003842664442658557, 0.010357293653348637, 0.00819958418019082, 0.010446974828249455, -0.008814706501355879, 0.0075430741404751474], [1.0373742594758466e-07, 2.597166902771774e-07, 8.762185738091042e-08, 4.7690443141650456e-08, 0.0075430741404751474, 0.008814936504092683]], [[-2.30870007781291e-08, -1.626496445900138e-08, 4.856426901345754e-08, 7.729760626108194e-08, 9.796564228188878e-08, 0.0038423631800226666], [-1.626496445900138e-08, -3.594482983977743e-08, 1.5519016522678724e-07, 2.978671174799289e-07, 2.55136694382684e-07, 0.010356310670380665], [4.856426901345754e-08, 1.5519016522678724e-07, 5.5670727485821827e-08, 1.0065785703898388e-07, 6.664397676606213e-08, 0.008198940967837966], [7.729760626108194e-08, 2.978671174799289e-07, 1.0065785703898388e-07, 8.921710751330308e-08, 4.7690443141650456e-08, 0.010446336379169453], [9.796564228188878e-08, 2.55136694382684e-07, 6.664397676606213e-08, 4.7690443141650456e-08, 0.007543324905958539, 0.008814836987451018], [0.0038423631800226666, 0.010356310670380665, 0.008198940967837966, 0.010446336379169453, 0.008814836987451018, -0.007543309501387037]]], [[[1.0185373165778357e-09, -2.1973703537961783e-09, 1.1758065066452659e-08, 4.3318709274796726e-09, 0.003515254405695897, 3.9793139371587715e-08], [-2.1973703537961783e-09, -3.0183668755215185e-08, -1.4177457090686875e-08, 1.3477230658397086e-08, 0.0036136877174595115, 8.786007553596805e-08], [1.1758065066452659e-08, -1.4177457090686875e-08, -6.168912469641396e-09, -4.501107268463128e-08, 0.003425506438393442, 6.893293997982575e-08], [4.3318709274796726e-09, 1.3477230658397086e-08, -4.501107268463128e-08, -5.7076407245282995e-08, 0.003842664442658557, 9.796564228188878e-08], [0.003515254405695897, 0.0036136877174595115, 0.003425506438393442, 0.003842664442658557, -0.0034905621964451657, 0.002987286659440623], [3.9793139371587715e-08, 8.786007553596805e-08, 6.893293997982575e-08, 9.796564228188878e-08, 0.002987286659440623, 0.003490852931520179]], [[2.1995277808593816e-08, -6.878140906141786e-08, -1.8133293891013633e-08, 1.8000245011622987e-08, 0.0036136877174595115, 8.409624724694532e-08], [-6.878140906141786e-08, -2.6376917678991753e-07, -2.600664910609341e-08, 7.824341695701306e-08, 0.011035157220628469, 1.7890865937257531e-07], [-1.8133293891013633e-08, -2.600664910609341e-08, -6.911251786055024e-08, -2.0634962325175204e-07, 0.008475219972815284, 1.712054885427173e-07], [1.8000245011622987e-08, 7.824341695701306e-08, -2.0634962325175204e-07, -3.196159985071941e-07, 0.010357293653348637, 2.55136694382684e-07], [0.0036136877174595115, 0.011035157220628469, 0.008475219972815284, 0.010357293653348637, -0.008869090895873222, 0.007590205214218051], [8.409624724694532e-08, 1.7890865937257531e-07, 1.712054885427173e-07, 2.55136694382684e-07, 0.007590205214218051, 0.00886943947163854]], [[3.745741067860081e-09, -1.1612990584435058e-08, -5.269147846796726e-08, -4.418130901980074e-08, 0.003425506438393442, 6.325754362810982e-08], [-1.1612990584435058e-08, -7.626103284406772e-09, -1.219393591845084e-07, -1.870837574326278e-07, 0.008475219972815284, 1.7448820275991731e-07], [-5.269147846796726e-08, -1.219393591845084e-07, -5.9468387118140365e-08, -1.1289825690287416e-07, 0.007441831326551589, 7.732440086264008e-08], [-4.418130901980074e-08, -1.870837574326278e-07, -1.1289825690287416e-07, -1.1100416365857176e-07, 0.00819958418019082, 6.664397676606213e-08], [0.003425506438393442, 0.008475219972815284, 0.007441831326551589, 0.00819958418019082, -0.0072640755836559, 0.006216203881440027], [6.325754362810982e-08, 1.7448820275991731e-07, 7.732440086264008e-08, 6.664397676606213e-08, 0.006216203881440027, 0.007264172589873898]], [[2.481288283023459e-08, 9.157465006726102e-09, -7.188378781786635e-08, -5.943527436396542e-08, 0.003842664442658557, 1.0373742594758466e-07], [9.157465006726102e-09, 8.040561152604656e-08, -1.5838719227848673e-07, -3.0341152268983994e-07, 0.010357293653348637, 2.597166902771774e-07], [-7.188378781786635e-08, -1.5838719227848673e-07, -7.458344154868076e-08, -9.632653274004657e-08, 0.00819958418019082, 8.762185738091042e-08], [-5.943527436396542e-08, -3.0341152268983994e-07, -9.632653274004657e-08, -3.0304964081470045e-08, 0.010446974828249455, 4.7690443141650456e-08], [0.003842664442658557, 0.010357293653348637, 0.00819958418019082, 0.010446974828249455, -0.008814706501355879, 0.0075430741404751474], [1.0373742594758466e-07, 2.597166902771774e-07, 8.762185738091042e-08, 4.7690443141650456e-08, 0.0075430741404751474, 0.008814936504092683]], [[0.02447980840393672, 0.0066663394892082575, 0.006701559163161342, 0.004340384935364187, -0.0034905621964451657, 0.0029869301532493594], [0.0066663394892082575, 0.03469456064710407, 0.008340445013334674, 0.010564411356523157, -0.008869090895873222, 0.007589200080618033], [0.006701559163161342, 0.008340445013334674, 0.02931330265667897, 0.010118017800475766, -0.0072640755836559, 0.006216024396938292], [0.004340384935364187, 0.010564411356523157, 0.010118017800475766, 0.03373927594227887, -0.008814706501355879, 0.007543324905958539], [-0.0034905621964451657, -0.008869090895873222, -0.0072640755836559, -0.008814706501355879, 0.06561370196114708, 9.317280622271068e-07], [0.0029869301532493594, 0.007589200080618033, 0.006216024396938292, 0.007543324905958539, 9.317280622271068e-07, 0.03800569276194156]], [[-1.2972448876486694e-08, -9.945806575824465e-09, -1.8289560764521061e-09, 3.566487980309162e-08, 0.002987286659440623, 0.003490769021260654], [-9.945806575824465e-09, 2.0347825550692404e-08, 1.5367775769257092e-08, 6.355303191864066e-08, 0.007590205214218051, 0.008869300970570508], [-1.8289560764521061e-09, 1.5367775769257092e-08, 2.2511893087229616e-08, 2.6068019952367167e-08, 0.006216203881440027, 0.007264101544785018], [3.566487980309162e-08, 6.355303191864066e-08, 2.6068019952367167e-08, 4.264024947064431e-08, 0.0075430741404751474, 0.008814836987451018], [0.002987286659440623, 0.007590205214218051, 0.006216203881440027, 0.0075430741404751474, 9.317280622271068e-07, 0.013803709669553191], [0.003490769021260654, 0.008869300970570508, 0.007264101544785018, 0.008814836987451018, 0.013803709669553191, -6.501753296389137e-07]]], [[[-7.02559854674375e-09, -1.2460824714394268e-08, -1.715513070671647e-08, 3.6859658610828257e-09, 3.9793139371587715e-08, 0.0035151822881453105], [-1.2460824714394268e-08, 9.935704973184546e-09, 1.0906816073177713e-08, 1.1275207114186182e-08, 8.409624724694532e-08, 0.0036134604425610713], [-1.715513070671647e-08, 1.0906816073177713e-08, -4.588293142953892e-09, 2.5570762770194355e-08, 6.325754362810982e-08, 0.003425281567499339], [3.6859658610828257e-09, 1.1275207114186182e-08, 2.5570762770194355e-08, 3.453124336137568e-08, 1.0373742594758466e-07, 0.0038423631800226666], [3.9793139371587715e-08, 8.409624724694532e-08, 6.325754362810982e-08, 1.0373742594758466e-07, 0.0029869301532493594, 0.003490769021260654], [0.0035151822881453105, 0.0036134604425610713, 0.003425281567499339, 0.0038423631800226666, 0.003490769021260654, -0.002987134263108979]], [[-3.985028583403432e-08, 7.146859578884414e-08, 1.2456305047923937e-08, -3.7191802204882972e-09, 8.786007553596805e-08, 0.0036134604425610713], [7.146859578884414e-08, 2.636252387905877e-07, 3.008434271716025e-08, -1.6774357867120453e-08, 1.7890865937257531e-07, 0.011034490001533242], [1.2456305047923937e-08, 3.008434271716025e-08, 4.565317122379713e-08, 1.6961721063636442e-07, 1.7448820275991731e-07, 0.008474517284729139], [-3.7191802204882972e-09, -1.6774357867120453e-08, 1.6961721063636442e-07, 2.8423819879726583e-07, 2.597166902771774e-07, 0.010356310670380665], [8.786007553596805e-08, 1.7890865937257531e-07, 1.7448820275991731e-07, 2.597166902771774e-07, 0.007589200080618033, 0.008869300970570508], [0.0036134604425610713, 0.011034490001533242, 0.008474517284729139, 0.010356310670380665, 0.008869300970570508, -0.00758944134272789]], [[-4.1821520822605624e-08, 1.2971078952665485e-10, 3.36782258962321e-08, 3.9545123052065895e-08, 6.893293997982575e-08, 0.003425281567499339], [1.2971078952665485e-10, 2.3762573980510337e-08, 7.570928708057314e-08, 1.6614353377501565e-07, 1.712054885427173e-07, 0.008474517284729139], [3.36782258962321e-08, 7.570928708057314e-08, 6.003521997796798e-08, 8.739695834797566e-08, 7.732440086264008e-08, 0.007441307404594108], [3.9545123052065895e-08, 1.6614353377501565e-07, 8.739695834797566e-08, 8.404483651267586e-08, 8.762185738091042e-08, 0.008198940967837966], [6.893293997982575e-08, 1.712054885427173e-07, 7.732440086264008e-08, 8.762185738091042e-08, 0.006216024396938292, 0.007264101544785018], [0.003425281567499339, 0.008474517284729139, 0.007441307404594108, 0.008198940967837966, 0.007264101544785018, -0.00621618752435537]], [[-2.30870007781291e-08, -1.626496445900138e-08, 4.856426901345754e-08, 7.729760626108194e-08, 9.796564228188878e-08, 0.0038423631800226666], [-1.626496445900138e-08, -3.594482983977743e-08, 1.5519016522678724e-07, 2.978671174799289e-07, 2.55136694382684e-07, 0.010356310670380665], [4.856426901345754e-08, 1.5519016522678724e-07, 5.5670727485821827e-08, 1.0065785703898388e-07, 6.664397676606213e-08, 0.008198940967837966], [7.729760626108194e-08, 2.978671174799289e-07, 1.0065785703898388e-07, 8.921710751330308e-08, 4.7690443141650456e-08, 0.010446336379169453], [9.796564228188878e-08, 2.55136694382684e-07, 6.664397676606213e-08, 4.7690443141650456e-08, 0.007543324905958539, 0.008814836987451018], [0.0038423631800226666, 0.010356310670380665, 0.008198940967837966, 0.010446336379169453, 0.008814836987451018, -0.007543309501387037]], [[-1.2972448876486694e-08, -9.945806575824465e-09, -1.8289560764521061e-09, 3.566487980309162e-08, 0.002987286659440623, 0.003490769021260654], [-9.945806575824465e-09, 2.0347825550692404e-08, 1.5367775769257092e-08, 6.355303191864066e-08, 0.007590205214218051, 0.008869300970570508], [-1.8289560764521061e-09, 1.5367775769257092e-08, 2.2511893087229616e-08, 2.6068019952367167e-08, 0.006216203881440027, 0.007264101544785018], [3.566487980309162e-08, 6.355303191864066e-08, 2.6068019952367167e-08, 4.264024947064431e-08, 0.0075430741404751474, 0.008814836987451018], [0.002987286659440623, 0.007590205214218051, 0.006216203881440027, 0.0075430741404751474, 9.317280622271068e-07, 0.013803709669553191], [0.003490769021260654, 0.008869300970570508, 0.007264101544785018, 0.008814836987451018, 0.013803709669553191, -6.501753296389137e-07]], [[0.024479896323595266, 0.006666289345725866, 0.006701454567373858, 0.004340280602365233, 0.003490852931520179, -0.002987134263108979], [0.006666289345725866, 0.0346943233725305, 0.008340154010757515, 0.010564009035770885, 0.00886943947163854, -0.00758944134272789], [0.006701454567373858, 0.008340154010757515, 0.029313129632060196, 0.010117595589566208, 0.007264172589873898, -0.00621618752435537], [0.004340280602365233, 0.010564009035770885, 0.010117595589566208, 0.03373876157588143, 0.008814936504092683, -0.007543309501387037], [0.003490852931520179, 0.00886943947163854, 0.007264172589873898, 0.008814936504092683, 0.03800569276194156, -6.501753296389137e-07], [-0.002987134263108979, -0.00758944134272789, -0.00621618752435537, -0.007543309501387037, -6.501753296389137e-07, 0.06561463222745835]]]]]]}