{"h1e": [[[0.12189028087868639, -0.016817024954169577, -0.006944762023779702, 0.0022148069186082673, -9.707828193477622e-07, 6.527925342000029e-07], [-0.016817024954169577, 0.24311792656938722, 0.007007588900480451, 0.01980391321531673, -1.354740785647015e-06, 2.5181922000605916e-07], [-0.006944762023779702, 0.007007588900480451, 0.3216891597880422, -0.012309094436281401, -1.3041347015733557e-06, 1.4044886108677914e-06], [0.0022148069186082673, 0.01980391321531673, -0.012309094436281401, 0.37244061409266455, -1.7846473313879236e-06, -1.2737199211011704e-06], [-9.707828193477622e-07, -1.354740785647015e-06, -1.3041347015733557e-06, -1.7846473313879236e-06, 0.4424950447167449, -3.6942656248278376e-07], [6.527925342000029e-07, 2.5181922000605916e-07, 1.4044886108677914e-06, -1.2737199211011704e-06, -3.6942656248278376e-07, 0.442491958558291]]], "eri": [[[[[[0.02592326565196806, 0.0007221344007946818, 0.0004830145435808154, 0.0005149899040279289, 1.0185340883506496e-09, -7.025576279294282e-09], [0.0007221344007946818, 0.02372559619969407, 0.00048404967135592155, 0.0007882772772413268, 2.199520809514038e-08, -3.985015952960343e-08], [0.0004830145435808154, 0.00048404967135592155, 0.02315505481845806, 0.0012128541339452858, 3.745729195832468e-09, -4.182138827039738e-08], [0.0005149899040279289, 0.0007882772772413268, 0.0012128541339452858, 0.02319476301751051, 2.4812804186456283e-08, -2.308692760448848e-08], [1.0185340883506496e-09, 2.199520809514038e-08, 3.745729195832468e-09, 2.4812804186456283e-08, 0.02447973081582903, -1.2972407760651807e-08], [-7.025576279294282e-09, -3.985015952960343e-08, -4.182138827039738e-08, -2.308692760448848e-08, -1.2972407760651807e-08, 0.02447981873520892]], [[0.0007221344007946818, 0.005000173416637406, 0.0009316504759888042, 0.00032148301405840023, -2.197363389288743e-09, -1.246078522013868e-08], [0.005000173416637406, 0.011495873177277134, -0.0001819540536441778, -0.004722782869049175, -6.878119106055424e-08, 7.1468369271013e-08], [0.0009316504759888042, -0.0001819540536441778, 0.0024430947719445662, 0.00527074512322405, -1.1612953777367405e-08, 1.2971037841172536e-10], [0.00032148301405840023, -0.004722782869049175, 0.00527074512322405, 0.008779578501524103, 9.157435982382064e-09, -1.626491290762511e-08], [-2.197363389288743e-09, -6.878119106055424e-08, -1.1612953777367405e-08, 9.157435982382064e-09, 0.006666318360420907, -9.945775052852597e-09], [-1.246078522013868e-08, 7.1468369271013e-08, 1.2971037841172536e-10, -1.626491290762511e-08, -9.945775052852597e-09, 0.006666268217097443]], [[0.0004830145435808154, 0.0009316504759888042, 0.004212953753904752, 0.0005492498834764463, 1.1758027799575258e-08, -1.7155076333981738e-08], [0.0009316504759888042, 0.0007756834165687189, 0.0022845114661059368, 0.005107819900847523, -1.813323641801646e-08, 1.2456265567993314e-08], [0.004212953753904752, 0.0022845114661059368, 0.001676740375776289, 0.0018203580403797085, -5.269131146371469e-08, 3.3678119153982557e-08], [0.0005492498834764463, 0.005107819900847523, 0.0018203580403797085, 0.0009183802304205124, -7.188355998409503e-08, 4.8564115090286576e-08], [1.1758027799575258e-08, -1.813323641801646e-08, -5.269131146371469e-08, -7.188355998409503e-08, 0.006701537922746162, -1.8289502796240152e-09], [-1.7155076333981738e-08, 1.2456265567993314e-08, 3.3678119153982557e-08, 4.8564115090286576e-08, -1.8289502796240152e-09, 0.006701433327290191]], [[0.0005149899040279289, 0.00032148301405840023, 0.0005492498834764463, 0.003321435413082163, 4.331857197728914e-09, 3.6859541785111552e-09], [0.00032148301405840023, -0.0023643524650554214, 0.003160894550479824, 0.004930584128152372, 1.8000187960320734e-08, -3.71916843264459e-09], [0.0005492498834764463, 0.003160894550479824, 0.0010429793489917293, -1.6266104882221512e-05, -4.4181168988305984e-08, 3.95449977148404e-08], [0.003321435413082163, 0.004930584128152372, -1.6266104882221512e-05, -0.0016710609359984004, -5.943508598542946e-08, 7.72973612683557e-08], [4.331857197728914e-09, 1.8000187960320734e-08, -4.4181168988305984e-08, -5.943508598542946e-08, 0.004340371178628505, 3.566476676419486e-08], [3.6859541785111552e-09, -3.71916843264459e-09, 3.95449977148404e-08, 7.72973612683557e-08, 3.566476676419486e-08, 0.004340266845960231]], [[1.0185340883506496e-09, -2.197363389288743e-09, 1.1758027799575258e-08, 4.331857197728914e-09, 0.0035152432641896857, 3.979301324828103e-08], [-2.197363389288743e-09, -3.018357308887241e-08, -1.4177412155610205e-08, 1.3477187942669641e-08, 0.0036136762639715123, 8.785979706577377e-08], [1.1758027799575258e-08, -1.4177412155610205e-08, -6.168892917435876e-09, -4.501093002322246e-08, 0.003425495581341048, 6.893272149868888e-08], [4.331857197728914e-09, 1.3477187942669641e-08, -4.501093002322246e-08, -5.707622634311421e-08, 0.003842652263434861, 9.796533178236698e-08], [0.0035152432641896857, 0.0036136762639715123, 0.003425495581341048, 0.003842652263434861, -0.003490551133200261, 0.0029872771913142713], [3.979301324828103e-08, 8.785979706577377e-08, 6.893272149868888e-08, 9.796533178236698e-08, 0.0029872771913142713, 0.0034908418673537975]], [[-7.025576279294282e-09, -1.246078522013868e-08, -1.7155076333981738e-08, 3.6859541785111552e-09, 3.979301324828103e-08, 0.003515171146867674], [-1.246078522013868e-08, 9.935673482229441e-09, 1.0906781504311568e-08, 1.1275171377714338e-08, 8.409598070610562e-08, 0.0036134489897934143], [-1.7155076333981738e-08, 1.0906781504311568e-08, -4.588278600479678e-09, 2.557068172433555e-08, 6.325734313499214e-08, 0.0034252707111596674], [3.6859541785111552e-09, 1.1275171377714338e-08, 2.557068172433555e-08, 3.453113391550976e-08, 1.0373709715454662e-07, 0.0038423510017538145], [3.979301324828103e-08, 8.409598070610562e-08, 6.325734313499214e-08, 1.0373709715454662e-07, 0.002986920686252945, 0.003490757957360224], [0.003515171146867674, 0.0036134489897934143, 0.0034252707111596674, 0.0038423510017538145, 0.003490757957360224, -0.0029871247954656437]]], [[[0.0007221344007946818, 0.005000173416637406, 0.0009316504759888042, 0.00032148301405840023, -2.197363389288743e-09, -1.246078522013868e-08], [0.005000173416637406, 0.011495873177277134, -0.0001819540536441778, -0.004722782869049175, -6.878119106055424e-08, 7.1468369271013e-08], [0.0009316504759888042, -0.0001819540536441778, 0.0024430947719445662, 0.00527074512322405, -1.1612953777367405e-08, 1.2971037841172536e-10], [0.00032148301405840023, -0.004722782869049175, 0.00527074512322405, 0.008779578501524103, 9.157435982382064e-09, -1.626491290762511e-08], [-2.197363389288743e-09, -6.878119106055424e-08, -1.1612953777367405e-08, 9.157435982382064e-09, 0.006666318360420907, -9.945775052852597e-09], [-1.246078522013868e-08, 7.1468369271013e-08, 1.2971037841172536e-10, -1.626491290762511e-08, -9.945775052852597e-09, 0.006666268217097443]], [[0.02372559619969407, 0.011495873177277134, 0.0007756834165687189, -0.0023643524650554214, -3.018357308887241e-08, 9.935673482229441e-09], [0.011495873177277134, 0.06119336563764398, -0.004674972555411467, -0.023627517198387342, -2.637683407804621e-07, 2.6362440323733997e-07], [0.0007756834165687189, -0.004674972555411467, 0.026168141548070737, 0.014897850131384283, -7.626079113673362e-09, 2.3762498665658253e-08], [-0.0023643524650554214, -0.023627517198387342, 0.014897850131384283, 0.05139404112875355, 8.040535668257953e-08, -3.594471591358641e-08], [-3.018357308887241e-08, -2.637683407804621e-07, -7.626079113673362e-09, 8.040535668257953e-08, 0.03469445068360831, 2.0347761058795493e-08], [9.935673482229441e-09, 2.6362440323733997e-07, 2.3762498665658253e-08, -3.594471591358641e-08, 2.0347761058795493e-08, 0.034694213409786775]], [[0.00048404967135592155, -0.0001819540536441778, 0.0022845114661059368, 0.003160894550479824, -1.4177412155610205e-08, 1.0906781504311568e-08], [-0.0001819540536441778, -0.004674972555411467, 0.005830831610745156, 0.010903037572539352, -2.600656667870435e-08, 3.0084247365628736e-08], [0.0022845114661059368, 0.005830831610745156, 0.0015721289256019958, 3.6263283983328554e-05, -1.2193897270092256e-07, 7.570904712198269e-08], [0.003160894550479824, 0.010903037572539352, 3.6263283983328554e-05, -0.0031253094345781774, -1.5838669027445436e-07, 1.5518967335564783e-07], [-1.4177412155610205e-08, -2.600656667870435e-08, -1.2193897270092256e-07, -1.5838669027445436e-07, 0.008340418578513977, 1.5367727061496737e-08], [1.0906781504311568e-08, 3.0084247365628736e-08, 7.570904712198269e-08, 1.5518967335564783e-07, 1.5367727061496737e-08, 0.008340127576859143]], [[0.0007882772772413268, -0.004722782869049175, 0.005107819900847523, 0.004930584128152372, 1.3477187942669641e-08, 1.1275171377714338e-08], [-0.004722782869049175, -0.023627517198387342, 0.010903037572539352, 0.030380734943752603, 7.824316896656475e-08, -1.67743047012352e-08], [0.005107819900847523, 0.010903037572539352, 0.0016553755938273713, -0.00537249130176785, -1.8708316447558832e-07, 1.6614300718746327e-07], [0.004930584128152372, 0.030380734943752603, -0.00537249130176785, -0.01729760891473546, -3.0341056103501376e-07, 2.978661733979489e-07], [1.3477187942669641e-08, 7.824316896656475e-08, -1.8708316447558832e-07, -3.0341056103501376e-07, 0.010564377872899738, 6.355283048898062e-08], [1.1275171377714338e-08, -1.67743047012352e-08, 1.6614300718746327e-07, 2.978661733979489e-07, 6.355283048898062e-08, 0.01056397555342261]], [[2.199520809514038e-08, -6.878119106055424e-08, -1.813323641801646e-08, 1.8000187960320734e-08, 0.0036136762639715123, 8.409598070610562e-08], [-6.878119106055424e-08, -2.637683407804621e-07, -2.600656667870435e-08, 7.824316896656475e-08, 0.011035122244988437, 1.789080923262937e-07], [-1.813323641801646e-08, -2.600656667870435e-08, -6.911229881024601e-08, -2.0634896923205848e-07, 0.008475193110828904, 1.7120494591143267e-07], [1.8000187960320734e-08, 7.824316896656475e-08, -2.0634896923205848e-07, -3.196149854927088e-07, 0.01035726082617932, 2.5513588573365404e-07], [0.0036136762639715123, 0.011035122244988437, 0.008475193110828904, 0.01035726082617932, -0.008869062785523331, 0.007590181157262628], [8.409598070610562e-08, 1.789080923262937e-07, 1.7120494591143267e-07, 2.5513588573365404e-07, 0.007590181157262628, 0.008869411360183847]], [[-3.985015952960343e-08, 7.1468369271013e-08, 1.2456265567993314e-08, -3.71916843264459e-09, 8.785979706577377e-08, 0.0036134489897934143], [7.1468369271013e-08, 2.6362440323733997e-07, 3.0084247365628736e-08, -1.67743047012352e-08, 1.789080923262937e-07, 0.011034455028007942], [1.2456265567993314e-08, 3.0084247365628736e-08, 4.565302652727391e-08, 1.6961667303908475e-07, 1.7448764972415646e-07, 0.008474490424969911], [-3.71916843264459e-09, -1.67743047012352e-08, 1.6961667303908475e-07, 2.842372979117845e-07, 2.597158671119712e-07, 0.010356277846326888], [8.785979706577377e-08, 1.789080923262937e-07, 1.7448764972415646e-07, 2.597158671119712e-07, 0.007589176026848354, 0.00886927285955479], [0.0036134489897934143, 0.011034455028007942, 0.008474490424969911, 0.010356277846326888, 0.00886927285955479, -0.007589417288193538]]], [[[0.0004830145435808154, 0.0009316504759888042, 0.004212953753904752, 0.0005492498834764463, 1.1758027799575258e-08, -1.7155076333981738e-08], [0.0009316504759888042, 0.0007756834165687189, 0.0022845114661059368, 0.005107819900847523, -1.813323641801646e-08, 1.2456265567993314e-08], [0.004212953753904752, 0.0022845114661059368, 0.001676740375776289, 0.0018203580403797085, -5.269131146371469e-08, 3.3678119153982557e-08], [0.0005492498834764463, 0.005107819900847523, 0.0018203580403797085, 0.0009183802304205124, -7.188355998409503e-08, 4.8564115090286576e-08], [1.1758027799575258e-08, -1.813323641801646e-08, -5.269131146371469e-08, -7.188355998409503e-08, 0.006701537922746162, -1.8289502796240152e-09], [-1.7155076333981738e-08, 1.2456265567993314e-08, 3.3678119153982557e-08, 4.8564115090286576e-08, -1.8289502796240152e-09, 0.006701433327290191]], [[0.00048404967135592155, -0.0001819540536441778, 0.0022845114661059368, 0.003160894550479824, -1.4177412155610205e-08, 1.0906781504311568e-08], [-0.0001819540536441778, -0.004674972555411467, 0.005830831610745156, 0.010903037572539352, -2.600656667870435e-08, 3.0084247365628736e-08], [0.0022845114661059368, 0.005830831610745156, 0.0015721289256019958, 3.6263283983328554e-05, -1.2193897270092256e-07, 7.570904712198269e-08], [0.003160894550479824, 0.010903037572539352, 3.6263283983328554e-05, -0.0031253094345781774, -1.5838669027445436e-07, 1.5518967335564783e-07], [-1.4177412155610205e-08, -2.600656667870435e-08, -1.2193897270092256e-07, -1.5838669027445436e-07, 0.008340418578513977, 1.5367727061496737e-08], [1.0906781504311568e-08, 3.0084247365628736e-08, 7.570904712198269e-08, 1.5518967335564783e-07, 1.5367727061496737e-08, 0.008340127576859143]], [[0.02315505481845806, 0.0024430947719445662, 0.001676740375776289, 0.0010429793489917293, -6.168892917435876e-09, -4.588278600479678e-09], [0.0024430947719445662, 0.026168141548070737, 0.0015721289256019958, 0.0016553755938273713, -6.911229881024601e-08, 4.565302652727391e-08], [0.001676740375776289, 0.0015721289256019958, 0.025202804139362284, 0.0033027032041418702, -5.9468198634654395e-08, 6.00350296979202e-08], [0.0010429793489917293, 0.0016553755938273713, 0.0033027032041418702, 0.025193057911476184, -7.458320515842807e-08, 5.5670551038917996e-08], [-6.168892917435876e-09, -6.911229881024601e-08, -5.9468198634654395e-08, -7.458320515842807e-08, 0.029313209748938612, 2.251182173637767e-08], [-4.588278600479678e-09, 4.565302652727391e-08, 6.00350296979202e-08, 5.5670551038917996e-08, 2.251182173637767e-08, 0.029313036724868236]], [[0.0012128541339452858, 0.00527074512322405, 0.0018203580403797085, -1.6266104882221512e-05, -4.501093002322246e-08, 2.557068172433555e-08], [0.00527074512322405, 0.014897850131384283, 3.6263283983328554e-05, -0.00537249130176785, -2.0634896923205848e-07, 1.6961667303908475e-07], [0.0018203580403797085, 3.6263283983328554e-05, 0.0033027032041418702, 0.007079842326203911, -1.128978990748238e-07, 8.739668134561911e-08], [-1.6266104882221512e-05, -0.00537249130176785, 0.007079842326203911, 0.012170311687346152, -9.632622743563928e-08, 1.0065753800655836e-07], [-4.501093002322246e-08, -2.0634896923205848e-07, -1.128978990748238e-07, -9.632622743563928e-08, 0.010117985731684959, 2.6067937330464827e-08], [2.557068172433555e-08, 1.6961667303908475e-07, 8.739668134561911e-08, 1.0065753800655836e-07, 2.6067937330464827e-08, 0.010117563522113588]], [[3.745729195832468e-09, -1.1612953777367405e-08, -5.269131146371469e-08, -4.4181168988305984e-08, 0.003425495581341048, 6.325734313499214e-08], [-1.1612953777367405e-08, -7.626079113673362e-09, -1.2193897270092256e-07, -1.8708316447558832e-07, 0.008475193110828904, 1.7448764972415646e-07], [-5.269131146371469e-08, -1.2193897270092256e-07, -5.9468198634654395e-08, -1.128978990748238e-07, 0.007441807739863293, 7.732415578498906e-08], [-4.4181168988305984e-08, -1.8708316447558832e-07, -1.128978990748238e-07, -1.1100381183380002e-07, 0.008199558191824823, 6.664376553973386e-08], [0.003425495581341048, 0.008475193110828904, 0.007441807739863293, 0.008199558191824823, -0.007264052560359747, 0.006216184179345623], [6.325734313499214e-08, 1.7448764972415646e-07, 7.732415578498906e-08, 6.664376553973386e-08, 0.006216184179345623, 0.007264149566270287]], [[-4.182138827039738e-08, 1.2971037841172536e-10, 3.3678119153982557e-08, 3.95449977148404e-08, 6.893272149868888e-08, 0.0034252707111596674], [1.2971037841172536e-10, 2.3762498665658253e-08, 7.570904712198269e-08, 1.6614300718746327e-07, 1.7120494591143267e-07, 0.008474490424969911], [3.3678119153982557e-08, 7.570904712198269e-08, 6.00350296979202e-08, 8.739668134561911e-08, 7.732415578498906e-08, 0.007441283819566369], [3.95449977148404e-08, 1.6614300718746327e-07, 8.739668134561911e-08, 8.404457013478114e-08, 8.762157966574231e-08, 0.008198914981510612], [6.893272149868888e-08, 1.7120494591143267e-07, 7.732415578498906e-08, 8.762157966574231e-08, 0.006216004695412759, 0.007264078521406582], [0.0034252707111596674, 0.008474490424969911, 0.007441283819566369, 0.008198914981510612, 0.007264078521406582, -0.00621616782231281]]], [[[0.0005149899040279289, 0.00032148301405840023, 0.0005492498834764463, 0.003321435413082163, 4.331857197728914e-09, 3.6859541785111552e-09], [0.00032148301405840023, -0.0023643524650554214, 0.003160894550479824, 0.004930584128152372, 1.8000187960320734e-08, -3.71916843264459e-09], [0.0005492498834764463, 0.003160894550479824, 0.0010429793489917293, -1.6266104882221512e-05, -4.4181168988305984e-08, 3.95449977148404e-08], [0.003321435413082163, 0.004930584128152372, -1.6266104882221512e-05, -0.0016710609359984004, -5.943508598542946e-08, 7.72973612683557e-08], [4.331857197728914e-09, 1.8000187960320734e-08, -4.4181168988305984e-08, -5.943508598542946e-08, 0.004340371178628505, 3.566476676419486e-08], [3.6859541785111552e-09, -3.71916843264459e-09, 3.95449977148404e-08, 7.72973612683557e-08, 3.566476676419486e-08, 0.004340266845960231]], [[0.0007882772772413268, -0.004722782869049175, 0.005107819900847523, 0.004930584128152372, 1.3477187942669641e-08, 1.1275171377714338e-08], [-0.004722782869049175, -0.023627517198387342, 0.010903037572539352, 0.030380734943752603, 7.824316896656475e-08, -1.67743047012352e-08], [0.005107819900847523, 0.010903037572539352, 0.0016553755938273713, -0.00537249130176785, -1.8708316447558832e-07, 1.6614300718746327e-07], [0.004930584128152372, 0.030380734943752603, -0.00537249130176785, -0.01729760891473546, -3.0341056103501376e-07, 2.978661733979489e-07], [1.3477187942669641e-08, 7.824316896656475e-08, -1.8708316447558832e-07, -3.0341056103501376e-07, 0.010564377872899738, 6.355283048898062e-08], [1.1275171377714338e-08, -1.67743047012352e-08, 1.6614300718746327e-07, 2.978661733979489e-07, 6.355283048898062e-08, 0.01056397555342261]], [[0.0012128541339452858, 0.00527074512322405, 0.0018203580403797085, -1.6266104882221512e-05, -4.501093002322246e-08, 2.557068172433555e-08], [0.00527074512322405, 0.014897850131384283, 3.6263283983328554e-05, -0.00537249130176785, -2.0634896923205848e-07, 1.6961667303908475e-07], [0.0018203580403797085, 3.6263283983328554e-05, 0.0033027032041418702, 0.007079842326203911, -1.128978990748238e-07, 8.739668134561911e-08], [-1.6266104882221512e-05, -0.00537249130176785, 0.007079842326203911, 0.012170311687346152, -9.632622743563928e-08, 1.0065753800655836e-07], [-4.501093002322246e-08, -2.0634896923205848e-07, -1.128978990748238e-07, -9.632622743563928e-08, 0.010117985731684959, 2.6067937330464827e-08], [2.557068172433555e-08, 1.6961667303908475e-07, 8.739668134561911e-08, 1.0065753800655836e-07, 2.6067937330464827e-08, 0.010117563522113588]], [[0.02319476301751051, 0.008779578501524103, 0.0009183802304205124, -0.0016710609359984004, -5.707622634311421e-08, 3.453113391550976e-08], [0.008779578501524103, 0.05139404112875355, -0.0031253094345781774, -0.01729760891473546, -3.196149854927088e-07, 2.842372979117845e-07], [0.0009183802304205124, -0.0031253094345781774, 0.025193057911476184, 0.012170311687346152, -1.1100381183380002e-07, 8.404457013478114e-08], [-0.0016710609359984004, -0.01729760891473546, 0.012170311687346152, 0.0459688348139894, -3.030486803068493e-08, 8.92168247420317e-08], [-5.707622634311421e-08, -3.196149854927088e-07, -1.1100381183380002e-07, -3.030486803068493e-08, 0.033739169006532815, 4.2640114323497195e-08], [3.453113391550976e-08, 2.842372979117845e-07, 8.404457013478114e-08, 8.92168247420317e-08, 4.2640114323497195e-08, 0.03373865464176564]], [[2.4812804186456283e-08, 9.157435982382064e-09, -7.188355998409503e-08, -5.943508598542946e-08, 0.003842652263434861, 1.0373709715454662e-07], [9.157435982382064e-09, 8.040535668257953e-08, -1.5838669027445436e-07, -3.0341056103501376e-07, 0.01035726082617932, 2.597158671119712e-07], [-7.188355998409503e-08, -1.5838669027445436e-07, -7.458320515842807e-08, -9.632622743563928e-08, 0.008199558191824823, 8.762157966574231e-08], [-5.943508598542946e-08, -3.0341056103501376e-07, -9.632622743563928e-08, -3.030486803068493e-08, 0.010446941716838017, 4.769029198804757e-08], [0.003842652263434861, 0.01035726082617932, 0.008199558191824823, 0.010446941716838017, -0.008814678563375892, 0.00754305023290042], [1.0373709715454662e-07, 2.597158671119712e-07, 8.762157966574231e-08, 4.769029198804757e-08, 0.00754305023290042, 0.00881490856538371]], [[-2.308692760448848e-08, -1.626491290762511e-08, 4.8564115090286576e-08, 7.72973612683557e-08, 9.796533178236698e-08, 0.0038423510017538145], [-1.626491290762511e-08, -3.594471591358641e-08, 1.5518967335564783e-07, 2.978661733979489e-07, 2.5513588573365404e-07, 0.010356277846326888], [4.8564115090286576e-08, 1.5518967335564783e-07, 5.5670551038917996e-08, 1.0065753800655836e-07, 6.664376553973386e-08, 0.008198914981510612], [7.72973612683557e-08, 2.978661733979489e-07, 1.0065753800655836e-07, 8.92168247420317e-08, 4.769029198804757e-08, 0.010446303269781562], [9.796533178236698e-08, 2.5513588573365404e-07, 6.664376553973386e-08, 4.769029198804757e-08, 0.007543300997589018, 0.00881480904905746], [0.0038423510017538145, 0.010356277846326888, 0.008198914981510612, 0.010446303269781562, 0.00881480904905746, -0.00754328559306634]]], [[[1.0185340883506496e-09, -2.197363389288743e-09, 1.1758027799575258e-08, 4.331857197728914e-09, 0.0035152432641896857, 3.979301324828103e-08], [-2.197363389288743e-09, -3.018357308887241e-08, -1.4177412155610205e-08, 1.3477187942669641e-08, 0.0036136762639715123, 8.785979706577377e-08], [1.1758027799575258e-08, -1.4177412155610205e-08, -6.168892917435876e-09, -4.501093002322246e-08, 0.003425495581341048, 6.893272149868888e-08], [4.331857197728914e-09, 1.3477187942669641e-08, -4.501093002322246e-08, -5.707622634311421e-08, 0.003842652263434861, 9.796533178236698e-08], [0.0035152432641896857, 0.0036136762639715123, 0.003425495581341048, 0.003842652263434861, -0.003490551133200261, 0.0029872771913142713], [3.979301324828103e-08, 8.785979706577377e-08, 6.893272149868888e-08, 9.796533178236698e-08, 0.0029872771913142713, 0.0034908418673537975]], [[2.199520809514038e-08, -6.878119106055424e-08, -1.813323641801646e-08, 1.8000187960320734e-08, 0.0036136762639715123, 8.409598070610562e-08], [-6.878119106055424e-08, -2.637683407804621e-07, -2.600656667870435e-08, 7.824316896656475e-08, 0.011035122244988437, 1.789080923262937e-07], [-1.813323641801646e-08, -2.600656667870435e-08, -6.911229881024601e-08, -2.0634896923205848e-07, 0.008475193110828904, 1.7120494591143267e-07], [1.8000187960320734e-08, 7.824316896656475e-08, -2.0634896923205848e-07, -3.196149854927088e-07, 0.01035726082617932, 2.5513588573365404e-07], [0.0036136762639715123, 0.011035122244988437, 0.008475193110828904, 0.01035726082617932, -0.008869062785523331, 0.007590181157262628], [8.409598070610562e-08, 1.789080923262937e-07, 1.7120494591143267e-07, 2.5513588573365404e-07, 0.007590181157262628, 0.008869411360183847]], [[3.745729195832468e-09, -1.1612953777367405e-08, -5.269131146371469e-08, -4.4181168988305984e-08, 0.003425495581341048, 6.325734313499214e-08], [-1.1612953777367405e-08, -7.626079113673362e-09, -1.2193897270092256e-07, -1.8708316447558832e-07, 0.008475193110828904, 1.7448764972415646e-07], [-5.269131146371469e-08, -1.2193897270092256e-07, -5.9468198634654395e-08, -1.128978990748238e-07, 0.007441807739863293, 7.732415578498906e-08], [-4.4181168988305984e-08, -1.8708316447558832e-07, -1.128978990748238e-07, -1.1100381183380002e-07, 0.008199558191824823, 6.664376553973386e-08], [0.003425495581341048, 0.008475193110828904, 0.007441807739863293, 0.008199558191824823, -0.007264052560359747, 0.006216184179345623], [6.325734313499214e-08, 1.7448764972415646e-07, 7.732415578498906e-08, 6.664376553973386e-08, 0.006216184179345623, 0.007264149566270287]], [[2.4812804186456283e-08, 9.157435982382064e-09, -7.188355998409503e-08, -5.943508598542946e-08, 0.003842652263434861, 1.0373709715454662e-07], [9.157435982382064e-09, 8.040535668257953e-08, -1.5838669027445436e-07, -3.0341056103501376e-07, 0.01035726082617932, 2.597158671119712e-07], [-7.188355998409503e-08, -1.5838669027445436e-07, -7.458320515842807e-08, -9.632622743563928e-08, 0.008199558191824823, 8.762157966574231e-08], [-5.943508598542946e-08, -3.0341056103501376e-07, -9.632622743563928e-08, -3.030486803068493e-08, 0.010446941716838017, 4.769029198804757e-08], [0.003842652263434861, 0.01035726082617932, 0.008199558191824823, 0.010446941716838017, -0.008814678563375892, 0.00754305023290042], [1.0373709715454662e-07, 2.597158671119712e-07, 8.762157966574231e-08, 4.769029198804757e-08, 0.00754305023290042, 0.00881490856538371]], [[0.02447973081582903, 0.006666318360420907, 0.006701537922746162, 0.004340371178628505, -0.003490551133200261, 0.002986920686252945], [0.006666318360420907, 0.03469445068360831, 0.008340418578513977, 0.010564377872899738, -0.008869062785523331, 0.007589176026848354], [0.006701537922746162, 0.008340418578513977, 0.029313209748938612, 0.010117985731684959, -0.007264052560359747, 0.006216004695412759], [0.004340371178628505, 0.010564377872899738, 0.010117985731684959, 0.033739169006532815, -0.008814678563375892, 0.007543300997589018], [-0.003490551133200261, -0.008869062785523331, -0.007264052560359747, -0.008814678563375892, 0.06561349400024764, 9.317251091395648e-07], [0.002986920686252945, 0.007589176026848354, 0.006216004695412759, 0.007543300997589018, 9.317251091395648e-07, 0.03800557230389981]], [[-1.2972407760651807e-08, -9.945775052852597e-09, -1.8289502796240152e-09, 3.566476676419486e-08, 0.0029872771913142713, 0.003490757957360224], [-9.945775052852597e-09, 2.0347761058795493e-08, 1.5367727061496737e-08, 6.355283048898062e-08, 0.007590181157262628, 0.00886927285955479], [-1.8289502796240152e-09, 1.5367727061496737e-08, 2.251182173637767e-08, 2.6067937330464827e-08, 0.006216184179345623, 0.007264078521406582], [3.566476676419486e-08, 6.355283048898062e-08, 2.6067937330464827e-08, 4.2640114323497195e-08, 0.00754305023290042, 0.00881480904905746], [0.0029872771913142713, 0.007590181157262628, 0.006216184179345623, 0.00754305023290042, 9.317251091395648e-07, 0.013803665919059125], [0.003490757957360224, 0.00886927285955479, 0.007264078521406582, 0.00881480904905746, 0.013803665919059125, -6.501732689253387e-07]]], [[[-7.025576279294282e-09, -1.246078522013868e-08, -1.7155076333981738e-08, 3.6859541785111552e-09, 3.979301324828103e-08, 0.003515171146867674], [-1.246078522013868e-08, 9.935673482229441e-09, 1.0906781504311568e-08, 1.1275171377714338e-08, 8.409598070610562e-08, 0.0036134489897934143], [-1.7155076333981738e-08, 1.0906781504311568e-08, -4.588278600479678e-09, 2.557068172433555e-08, 6.325734313499214e-08, 0.0034252707111596674], [3.6859541785111552e-09, 1.1275171377714338e-08, 2.557068172433555e-08, 3.453113391550976e-08, 1.0373709715454662e-07, 0.0038423510017538145], [3.979301324828103e-08, 8.409598070610562e-08, 6.325734313499214e-08, 1.0373709715454662e-07, 0.002986920686252945, 0.003490757957360224], [0.003515171146867674, 0.0036134489897934143, 0.0034252707111596674, 0.0038423510017538145, 0.003490757957360224, -0.0029871247954656437]], [[-3.985015952960343e-08, 7.1468369271013e-08, 1.2456265567993314e-08, -3.71916843264459e-09, 8.785979706577377e-08, 0.0036134489897934143], [7.1468369271013e-08, 2.6362440323733997e-07, 3.0084247365628736e-08, -1.67743047012352e-08, 1.789080923262937e-07, 0.011034455028007942], [1.2456265567993314e-08, 3.0084247365628736e-08, 4.565302652727391e-08, 1.6961667303908475e-07, 1.7448764972415646e-07, 0.008474490424969911], [-3.71916843264459e-09, -1.67743047012352e-08, 1.6961667303908475e-07, 2.842372979117845e-07, 2.597158671119712e-07, 0.010356277846326888], [8.785979706577377e-08, 1.789080923262937e-07, 1.7448764972415646e-07, 2.597158671119712e-07, 0.007589176026848354, 0.00886927285955479], [0.0036134489897934143, 0.011034455028007942, 0.008474490424969911, 0.010356277846326888, 0.00886927285955479, -0.007589417288193538]], [[-4.182138827039738e-08, 1.2971037841172536e-10, 3.3678119153982557e-08, 3.95449977148404e-08, 6.893272149868888e-08, 0.0034252707111596674], [1.2971037841172536e-10, 2.3762498665658253e-08, 7.570904712198269e-08, 1.6614300718746327e-07, 1.7120494591143267e-07, 0.008474490424969911], [3.3678119153982557e-08, 7.570904712198269e-08, 6.00350296979202e-08, 8.739668134561911e-08, 7.732415578498906e-08, 0.007441283819566369], [3.95449977148404e-08, 1.6614300718746327e-07, 8.739668134561911e-08, 8.404457013478114e-08, 8.762157966574231e-08, 0.008198914981510612], [6.893272149868888e-08, 1.7120494591143267e-07, 7.732415578498906e-08, 8.762157966574231e-08, 0.006216004695412759, 0.007264078521406582], [0.0034252707111596674, 0.008474490424969911, 0.007441283819566369, 0.008198914981510612, 0.007264078521406582, -0.00621616782231281]], [[-2.308692760448848e-08, -1.626491290762511e-08, 4.8564115090286576e-08, 7.72973612683557e-08, 9.796533178236698e-08, 0.0038423510017538145], [-1.626491290762511e-08, -3.594471591358641e-08, 1.5518967335564783e-07, 2.978661733979489e-07, 2.5513588573365404e-07, 0.010356277846326888], [4.8564115090286576e-08, 1.5518967335564783e-07, 5.5670551038917996e-08, 1.0065753800655836e-07, 6.664376553973386e-08, 0.008198914981510612], [7.72973612683557e-08, 2.978661733979489e-07, 1.0065753800655836e-07, 8.92168247420317e-08, 4.769029198804757e-08, 0.010446303269781562], [9.796533178236698e-08, 2.5513588573365404e-07, 6.664376553973386e-08, 4.769029198804757e-08, 0.007543300997589018, 0.00881480904905746], [0.0038423510017538145, 0.010356277846326888, 0.008198914981510612, 0.010446303269781562, 0.00881480904905746, -0.00754328559306634]], [[-1.2972407760651807e-08, -9.945775052852597e-09, -1.8289502796240152e-09, 3.566476676419486e-08, 0.0029872771913142713, 0.003490757957360224], [-9.945775052852597e-09, 2.0347761058795493e-08, 1.5367727061496737e-08, 6.355283048898062e-08, 0.007590181157262628, 0.00886927285955479], [-1.8289502796240152e-09, 1.5367727061496737e-08, 2.251182173637767e-08, 2.6067937330464827e-08, 0.006216184179345623, 0.007264078521406582], [3.566476676419486e-08, 6.355283048898062e-08, 2.6067937330464827e-08, 4.2640114323497195e-08, 0.00754305023290042, 0.00881480904905746], [0.0029872771913142713, 0.007590181157262628, 0.006216184179345623, 0.00754305023290042, 9.317251091395648e-07, 0.013803665919059125], [0.003490757957360224, 0.00886927285955479, 0.007264078521406582, 0.00881480904905746, 0.013803665919059125, -6.501732689253387e-07]], [[0.02447981873520892, 0.006666268217097443, 0.006701433327290191, 0.004340266845960231, 0.0034908418673537975, -0.0029871247954656437], [0.006666268217097443, 0.034694213409786775, 0.008340127576859143, 0.01056397555342261, 0.008869411360183847, -0.007589417288193538], [0.006701433327290191, 0.008340127576859143, 0.029313036724868236, 0.010117563522113588, 0.007264149566270287, -0.00621616782231281], [0.004340266845960231, 0.01056397555342261, 0.010117563522113588, 0.03373865464176564, 0.00881490856538371, -0.00754328559306634], [0.0034908418673537975, 0.008869411360183847, 0.007264149566270287, 0.00881490856538371, 0.03800557230389981, -6.501732689253387e-07], [-0.0029871247954656437, -0.007589417288193538, -0.00621616782231281, -0.00754328559306634, -6.501732689253387e-07, 0.06561442426361046]]]]]]}