{"PointGroupRep": {"E": [[1.0000000000000007, -5.291688460963089e-16, -5.253277345322647e-16], [-5.019835397303183e-16, 0.9999999999999998, 3.4912460240984947e-16], [-4.536458090921171e-16, 1.9397813397951e-16, 0.9999999999999997]], "C3_1": [[0.9999999997992625, -8.683929486952072e-07, -2.0018006782613175e-05], [1.690190593328307e-05, -0.4999999999462986, 0.8660254036505085], [-1.07610537441526e-05, -0.8660254038150077, -0.49999999983125293]], "C3_2": [[0.9999999997995722, 1.689538255147078e-05, -1.0742519835731706e-05], [-8.556038606845038e-07, -0.4999999974955209, -0.8660254052299777], [-2.0003090411625718e-05, 0.8660254050655936, -0.49999999738085144]], "Cv_1": [[0.9999999997454949, 1.4646811122814463e-05, -1.7160475884237976e-05], [1.4646811122950124e-05, 0.15707490645421793, 0.9875866916619875], [-1.716047588396219e-05, 0.9875866916619879, -0.15707490619971193]], "Cv_2": [[0.99999999997706, 6.6605341110411054e-06, 1.2322234456219238e-06], [6.660534111010143e-06, -0.9338126166595904, -0.35776248674645383], [1.232223445337842e-06, -0.35776248674645317, 0.9338126166825317]], "Cv_3": [[0.9999999998753729, -5.274873511099225e-06, -1.4880448557350189e-05], [-5.274873511371445e-06, 0.7767377103299702, -0.629824205094986], [-1.4880448557343177e-05, -0.6298242050949858, -0.7767377102053443]]}, "orbital_symms": ["A1(1.00)", "E(1.00)", "E(1.00)"]}